[SUBJECTNAME]=sn002
[AGE]=
[FIELD1]=eye-gaze
[FIELD2]=
[FIELD3]=
[FIELD4]=
[FIELD5]=
[FIELD6]=
[CODER]=
[VIDEOFILE]=G:\Backup experiment\SN006_Frank\SN006_02_03_F.avi
[RESOLUTION]=29.9998
[STARTCODES]

16350	544.9707	1
16351	545.0040	1
16352	545.0374	1
16353	545.0707	1
16354	545.1040	1
16355	545.1374	1
16356	545.1707	1
16357	545.2040	1
16358	545.2374	1
16359	545.2707	1
16360	545.3040	1
16361	545.3374	1
16362	545.3707	1
16363	545.4040	1
16364	545.4374	1
16365	545.4707	1
16366	545.5040	1
16367	545.5374	1
16368	545.5707	1
16369	545.6040	1
16370	545.6374	1
16371	545.6707	1
16372	545.7040	1
16373	545.7374	1
16374	545.7707	1
16375	545.8040	1
16376	545.8374	1
16377	545.8707	1
16378	545.9040	1
16379	545.9374	1
16380	545.9707	1
16381	546.0040	1
16382	546.0374	1
16383	546.0707	1
16384	546.1040	1
16385	546.1374	1
16386	546.1707	1
16387	546.2040	1
16388	546.2374	1
16389	546.2707	1
16390	546.3040	1
16391	546.3374	1
16392	546.3707	1
16393	546.4040	1
16394	546.4374	1
16395	546.4707	1
16396	546.5040	1
16397	546.5374	1
16398	546.5707	1
16399	546.6040	1
16400	546.6374	1
16401	546.6707	1
16402	546.7040	1
16403	546.7374	1
16404	546.7707	1
16405	546.8040	1
16406	546.8374	1
16407	546.8707	1
16408	546.9040	1
16409	546.9374	1
16410	546.9707	1
16411	547.0040	1
16412	547.0374	1
16413	547.0707	1
16414	547.1040	1
16415	547.1374	1
16416	547.1707	1
16417	547.2040	1
16418	547.2374	1
16419	547.2707	1
16420	547.3040	1
16421	547.3374	1
16422	547.3707	1
16423	547.4040	1
16424	547.4374	1
16425	547.4707	1
16426	547.5040	1
16427	547.5374	1
16428	547.5707	1
16429	547.6040	1
16430	547.6374	1
16431	547.6707	1
16432	547.7040	1
16433	547.7374	1
16434	547.7707	1
16435	547.8040	1
16436	547.8374	1
16437	547.8707	1
16438	547.9040	1
16439	547.9374	1
16440	547.9707	1
16441	548.0040	1
16442	548.0374	1
16443	548.0707	1
16444	548.1040	1
16445	548.1374	1
16446	548.1707	1
16447	548.2040	1
16448	548.2374	1
16449	548.2707	1
16450	548.3040	1
16451	548.3374	1
16452	548.3707	1
16453	548.4040	1
16454	548.4374	1
16455	548.4707	1
16456	548.5040	1
16457	548.5374	1
16458	548.5707	1
16459	548.6040	1
16460	548.6374	1
16461	548.6707	1
16462	548.7040	1
16463	548.7374	1
16464	548.7707	1
16465	548.8040	1
16466	548.8374	1
16467	548.8707	1
16468	548.9040	1
16469	548.9374	1
16470	548.9707	1
16471	549.0040	1
16472	549.0374	1
16473	549.0707	1
16474	549.1040	1
16475	549.1374	1
16476	549.1707	1
16477	549.2040	1
16478	549.2374	1
16479	549.2707	1
16480	549.3040	1
16481	549.3374	1
16482	549.3707	1
16483	549.4040	1
16484	549.4374	1
16485	549.4707	0
16486	549.5041	0
16487	549.5374	0
16488	549.5707	0
16489	549.6041	0
16490	549.6374	0
16491	549.6707	0
16492	549.7041	0
16493	549.7374	0
16494	549.7707	0
16495	549.8041	0
16496	549.8374	0
16497	549.8707	0
16498	549.9041	0
16499	549.9374	0
16500	549.9707	0
16501	550.0041	0
16502	550.0374	0
16503	550.0707	0
16504	550.1041	0
16505	550.1374	0
16506	550.1707	0
16507	550.2041	0
16508	550.2374	0
16509	550.2707	0
16510	550.3041	0
16511	550.3374	0
16512	550.3707	0
16513	550.4041	0
16514	550.4374	0
16515	550.4707	0
16516	550.5041	0
16517	550.5374	0
16518	550.5707	0
16519	550.6041	0
16520	550.6374	0
16521	550.6707	0
16522	550.7041	0
16523	550.7374	0
16524	550.7707	0
16525	550.8041	0
16526	550.8374	0
16527	550.8707	0
16528	550.9041	0
16529	550.9374	0
16530	550.9707	0
16531	551.0041	0
16532	551.0374	0
16533	551.0707	0
16534	551.1041	0
16535	551.1374	0
16536	551.1707	0
16537	551.2041	0
16538	551.2374	0
16539	551.2707	0
16540	551.3041	0
16541	551.3374	0
16542	551.3707	0
16543	551.4041	0
16544	551.4374	0
16545	551.4707	0
16546	551.5041	0
16547	551.5374	0
16548	551.5707	0
16549	551.6041	0
16550	551.6374	0
16551	551.6707	0
16552	551.7041	0
16553	551.7374	0
16554	551.7707	0
16555	551.8041	0
16556	551.8374	0
16557	551.8707	0
16558	551.9041	0
16559	551.9374	0
16560	551.9707	0
16561	552.0041	0
16562	552.0374	0
16563	552.0707	0
16564	552.1041	0
16565	552.1374	0
16566	552.1707	0
16567	552.2041	0
16568	552.2374	0
16569	552.2707	0
16570	552.3041	0
16571	552.3374	0
16572	552.3707	0
16573	552.4041	0
16574	552.4374	0
16575	552.4707	0
16576	552.5041	0
16577	552.5374	0
16578	552.5707	1
16579	552.6041	1
16580	552.6374	1
16581	552.6707	1
16582	552.7041	1
16583	552.7374	1
16584	552.7707	1
16585	552.8041	1
16586	552.8374	1
16587	552.8707	1
16588	552.9041	1
16589	552.9374	1
16590	552.9707	1
16591	553.0041	1
16592	553.0374	1
16593	553.0707	1
16594	553.1041	1
16595	553.1374	1
16596	553.1707	1
16597	553.2041	1
16598	553.2374	1
16599	553.2707	1
16600	553.3041	1
16601	553.3374	1
16602	553.3707	1
16603	553.4041	1
16604	553.4374	1
16605	553.4707	1
16606	553.5041	1
16607	553.5374	1
16608	553.5707	1
16609	553.6041	1
16610	553.6374	1
16611	553.6707	1
16612	553.7041	1
16613	553.7374	1
16614	553.7707	1
16615	553.8041	1
16616	553.8374	1
16617	553.8707	1
16618	553.9041	1
16619	553.9374	1
16620	553.9707	1
16621	554.0041	1
16622	554.0374	1
16623	554.0708	1
16624	554.1041	1
16625	554.1374	1
16626	554.1708	1
16627	554.2041	1
16628	554.2374	1
16629	554.2708	1
16630	554.3041	1
16631	554.3374	1
16632	554.3708	1
16633	554.4041	1
16634	554.4374	1
16635	554.4708	1
16636	554.5041	1
16637	554.5374	1
16638	554.5708	0
16639	554.6041	0
16640	554.6374	0
16641	554.6708	0
16642	554.7041	0
16643	554.7374	0
16644	554.7708	0
16645	554.8041	0
16646	554.8374	0
16647	554.8708	0
16648	554.9041	0
16649	554.9374	0
16650	554.9708	0
16651	555.0041	0
16652	555.0374	0
16653	555.0708	0
16654	555.1041	0
16655	555.1374	0
16656	555.1708	0
16657	555.2041	0
16658	555.2374	0
16659	555.2708	0
16660	555.3041	0
16661	555.3374	0
16662	555.3708	0
16663	555.4041	0
16664	555.4374	0
16665	555.4708	0
16666	555.5041	0
16667	555.5374	0
16668	555.5708	0
16669	555.6041	0
16670	555.6374	0
16671	555.6708	0
16672	555.7041	0
16673	555.7374	0
16674	555.7708	0
16675	555.8041	0
16676	555.8374	0
16677	555.8708	0
16678	555.9041	0
16679	555.9374	0
16680	555.9708	0
16681	556.0041	0
16682	556.0374	0
16683	556.0708	0
16684	556.1041	0
16685	556.1374	0
16686	556.1708	0
16687	556.2041	0
16688	556.2374	0
16689	556.2708	1
16690	556.3041	1
16691	556.3374	1
16692	556.3708	1
16693	556.4041	1
16694	556.4374	1
16695	556.4708	1
16696	556.5041	1
16697	556.5374	1
16698	556.5708	1
16699	556.6041	1
16700	556.6374	1
16701	556.6708	1
16702	556.7041	1
16703	556.7374	1
16704	556.7708	1
16705	556.8041	1
16706	556.8374	1
16707	556.8708	1
16708	556.9041	1
16709	556.9374	1
16710	556.9708	1
16711	557.0041	1
16712	557.0374	1
16713	557.0708	1
16714	557.1041	1
16715	557.1374	1
16716	557.1708	1
16717	557.2041	1
16718	557.2374	1
16719	557.2708	1
16720	557.3041	1
16721	557.3374	1
16722	557.3708	0
16723	557.4041	0
16724	557.4374	0
16725	557.4708	0
16726	557.5041	0
16727	557.5374	0
16728	557.5708	0
16729	557.6041	0
16730	557.6374	0
16731	557.6708	0
16732	557.7041	0
16733	557.7374	0
16734	557.7708	0
16735	557.8041	0
16736	557.8374	0
16737	557.8708	0
16738	557.9041	0
16739	557.9374	0
16740	557.9708	0
16741	558.0041	0
16742	558.0374	0
16743	558.0708	0
16744	558.1041	0
16745	558.1374	0
16746	558.1708	0
16747	558.2041	0
16748	558.2374	0
16749	558.2708	0
16750	558.3041	0
16751	558.3374	0
16752	558.3708	0
16753	558.4041	0
16754	558.4374	0
16755	558.4708	0
16756	558.5041	0
16757	558.5375	0
16758	558.5708	0
16759	558.6041	0
16760	558.6375	0
16761	558.6708	1
16762	558.7041	1
16763	558.7375	1
16764	558.7708	1
16765	558.8041	1
16766	558.8375	1
16767	558.8708	1
16768	558.9041	1
16769	558.9375	1
16770	558.9708	1
16771	559.0041	1
16772	559.0375	1
16773	559.0708	1
16774	559.1041	1
16775	559.1375	1
16776	559.1708	1
16777	559.2041	1
16778	559.2375	1
16779	559.2708	1
16780	559.3041	1
16781	559.3375	1
16782	559.3708	1
16783	559.4041	1
16784	559.4375	1
16785	559.4708	1
16786	559.5041	1
16787	559.5375	1
16788	559.5708	1
16789	559.6041	1
16790	559.6375	1
16791	559.6708	1
16792	559.7041	1
16793	559.7375	1
16794	559.7708	1
16795	559.8041	1
16796	559.8375	1
16797	559.8708	1
16798	559.9041	1
16799	559.9375	1
16800	559.9708	1
16801	560.0041	1
16802	560.0375	1
16803	560.0708	1
16804	560.1041	1
16805	560.1375	1
16806	560.1708	1
16807	560.2041	1
16808	560.2375	1
16809	560.2708	1
16810	560.3041	1
16811	560.3375	1
16812	560.3708	1
16813	560.4041	1
16814	560.4375	1
16815	560.4708	1
16816	560.5041	1
16817	560.5375	1
16818	560.5708	1
16819	560.6041	1
16820	560.6375	1
16821	560.6708	1
16822	560.7041	1
16823	560.7375	1
16824	560.7708	1
16825	560.8041	1
16826	560.8375	1
16827	560.8708	1
16828	560.9041	1
16829	560.9375	1
16830	560.9708	1
16831	561.0041	1
16832	561.0375	1
16833	561.0708	1
16834	561.1041	1
16835	561.1375	1
16836	561.1708	1
16837	561.2041	1
16838	561.2375	1
16839	561.2708	1
16840	561.3041	1
16841	561.3375	1
16842	561.3708	1
16843	561.4041	1
16844	561.4375	1
16845	561.4708	1
16846	561.5041	1
16847	561.5375	1
16848	561.5708	1
16849	561.6041	1
16850	561.6375	1
16851	561.6708	1
16852	561.7041	1
16853	561.7375	1
16854	561.7708	1
16855	561.8041	1
16856	561.8375	1
16857	561.8708	1
16858	561.9041	1
16859	561.9375	1
16860	561.9708	1
16861	562.0041	1
16862	562.0375	1
16863	562.0708	1
16864	562.1041	0
16865	562.1375	0
16866	562.1708	0
16867	562.2041	0
16868	562.2375	0
16869	562.2708	0
16870	562.3041	0
16871	562.3375	0
16872	562.3708	0
16873	562.4041	0
16874	562.4375	0
16875	562.4708	0
16876	562.5041	0
16877	562.5375	0
16878	562.5708	0
16879	562.6041	0
16880	562.6375	0
16881	562.6708	0
16882	562.7041	0
16883	562.7375	0
16884	562.7708	0
16885	562.8041	0
16886	562.8375	0
16887	562.8708	0
16888	562.9041	0
16889	562.9375	0
16890	562.9708	0
16891	563.0041	0
16892	563.0375	1
16893	563.0708	1
16894	563.1042	1
16895	563.1375	1
16896	563.1708	1
16897	563.2042	1
16898	563.2375	1
16899	563.2708	1
16900	563.3042	1
16901	563.3375	1
16902	563.3708	1
16903	563.4042	1
16904	563.4375	1
16905	563.4708	1
16906	563.5042	1
16907	563.5375	1
16908	563.5708	1
16909	563.6042	1
16910	563.6375	1
16911	563.6708	1
16912	563.7042	1
16913	563.7375	1
16914	563.7708	1
16915	563.8042	1
16916	563.8375	1
16917	563.8708	1
16918	563.9042	1
16919	563.9375	1
16920	563.9708	1
16921	564.0042	1
16922	564.0375	1
16923	564.0708	1
16924	564.1042	1
16925	564.1375	1
16926	564.1708	1
16927	564.2042	1
16928	564.2375	1
16929	564.2708	1
16930	564.3042	1
16931	564.3375	1
16932	564.3708	1
16933	564.4042	1
16934	564.4375	1
16935	564.4708	1
16936	564.5042	1
16937	564.5375	1
16938	564.5708	0
16939	564.6042	0
16940	564.6375	0
16941	564.6708	0
16942	564.7042	0
16943	564.7375	0
16944	564.7708	0
16945	564.8042	0
16946	564.8375	0
16947	564.8708	0
16948	564.9042	0
16949	564.9375	0
16950	564.9708	0
16951	565.0042	0
16952	565.0375	0
16953	565.0708	0
16954	565.1042	0
16955	565.1375	0
16956	565.1708	0
16957	565.2042	0
16958	565.2375	0
16959	565.2708	0
16960	565.3042	0
16961	565.3375	0
16962	565.3708	0
16963	565.4042	0
16964	565.4375	0
16965	565.4708	0
16966	565.5042	0
16967	565.5375	0
16968	565.5708	0
16969	565.6042	0
16970	565.6375	0
16971	565.6708	0
16972	565.7042	0
16973	565.7375	0
16974	565.7708	0
16975	565.8042	0
16976	565.8375	0
16977	565.8708	0
16978	565.9042	0
16979	565.9375	0
16980	565.9708	0
16981	566.0042	0
16982	566.0375	0
16983	566.0708	0
16984	566.1042	0
16985	566.1375	0
16986	566.1708	0
16987	566.2042	0
16988	566.2375	0
16989	566.2708	0
16990	566.3042	0
16991	566.3375	0
16992	566.3708	0
16993	566.4042	0
16994	566.4375	0
16995	566.4708	0
16996	566.5042	0
16997	566.5375	0
16998	566.5708	0
16999	566.6042	0
17000	566.6375	0
17001	566.6708	0
17002	566.7042	0
17003	566.7375	0
17004	566.7708	0
17005	566.8042	0
17006	566.8375	0
17007	566.8708	0
17008	566.9042	0
17009	566.9375	0
17010	566.9708	0
17011	567.0042	0
17012	567.0375	0
17013	567.0708	0
17014	567.1042	0
17015	567.1375	0
17016	567.1708	0
17017	567.2042	0
17018	567.2375	0
17019	567.2708	0
17020	567.3042	0
17021	567.3375	0
17022	567.3708	0
17023	567.4042	0
17024	567.4375	0
17025	567.4708	0
17026	567.5042	0
17027	567.5375	0
17028	567.5709	0
17029	567.6042	0
17030	567.6375	1
17031	567.6709	1
17032	567.7042	1
17033	567.7375	1
17034	567.7709	1
17035	567.8042	1
17036	567.8375	1
17037	567.8709	1
17038	567.9042	1
17039	567.9375	1
17040	567.9709	1
17041	568.0042	1
17042	568.0375	1
17043	568.0709	1
17044	568.1042	1
17045	568.1375	1
17046	568.1709	1
17047	568.2042	1
17048	568.2375	1
17049	568.2709	1
17050	568.3042	1
17051	568.3375	1
17052	568.3709	1
17053	568.4042	1
17054	568.4375	1
17055	568.4709	1
17056	568.5042	1
17057	568.5375	1
17058	568.5709	1
17059	568.6042	1
17060	568.6375	1
17061	568.6709	1
17062	568.7042	1
17063	568.7375	1
17064	568.7709	1
17065	568.8042	1
17066	568.8375	1
17067	568.8709	1
17068	568.9042	1
17069	568.9375	1
17070	568.9709	1
17071	569.0042	1
17072	569.0375	1
17073	569.0709	1
17074	569.1042	1
17075	569.1375	1
17076	569.1709	1
17077	569.2042	1
17078	569.2375	1
17079	569.2709	1
17080	569.3042	1
17081	569.3375	1
17082	569.3709	1
17083	569.4042	1
17084	569.4375	1
17085	569.4709	1
17086	569.5042	1
17087	569.5375	1
17088	569.5709	1
17089	569.6042	1
17090	569.6375	1
17091	569.6709	1
17092	569.7042	1
17093	569.7375	1
17094	569.7709	1
17095	569.8042	1
17096	569.8375	1
17097	569.8709	1
17098	569.9042	1
17099	569.9375	1
17100	569.9709	1
17101	570.0042	1
17102	570.0375	1
17103	570.0709	1
17104	570.1042	1
17105	570.1375	1
17106	570.1709	1
17107	570.2042	1
17108	570.2375	1
17109	570.2709	1
17110	570.3042	1
17111	570.3375	1
17112	570.3709	1
17113	570.4042	1
17114	570.4375	1
17115	570.4709	1
17116	570.5042	1
17117	570.5375	1
17118	570.5709	1
17119	570.6042	1
17120	570.6375	1
17121	570.6709	1
17122	570.7042	1
17123	570.7375	1
17124	570.7709	1
17125	570.8042	1
17126	570.8375	1
17127	570.8709	1
17128	570.9042	1
17129	570.9375	1
17130	570.9709	1
17131	571.0042	1
17132	571.0375	1
17133	571.0709	1
17134	571.1042	1
17135	571.1375	1
17136	571.1709	1
17137	571.2042	1
17138	571.2375	1
17139	571.2709	1
17140	571.3042	1
17141	571.3375	1
17142	571.3709	1
17143	571.4042	1
17144	571.4375	1
17145	571.4709	1
17146	571.5042	1
17147	571.5375	1
17148	571.5709	1
17149	571.6042	0
17150	571.6375	0
17151	571.6709	0
17152	571.7042	0
17153	571.7375	0
17154	571.7709	0
17155	571.8042	0
17156	571.8375	0
17157	571.8709	0
17158	571.9042	0
17159	571.9375	0
17160	571.9709	0
17161	572.0042	0
17162	572.0375	0
17163	572.0709	0
17164	572.1042	0
17165	572.1376	0
17166	572.1709	0
17167	572.2042	0
17168	572.2376	0
17169	572.2709	0
17170	572.3042	0
17171	572.3376	0
17172	572.3709	0
17173	572.4042	0
17174	572.4376	0
17175	572.4709	0
17176	572.5042	0
17177	572.5376	0
17178	572.5709	0
17179	572.6042	0
17180	572.6376	0
17181	572.6709	0
17182	572.7042	0
17183	572.7376	0
17184	572.7709	0
17185	572.8042	0
17186	572.8376	0
17187	572.8709	0
17188	572.9042	0
17189	572.9376	0
17190	572.9709	0
17191	573.0042	0
17192	573.0376	0
17193	573.0709	0
17194	573.1042	0
17195	573.1376	0
17196	573.1709	0
17197	573.2042	0
17198	573.2376	0
17199	573.2709	0
17200	573.3042	0
17201	573.3376	0
17202	573.3709	0
17203	573.4042	0
17204	573.4376	0
17205	573.4709	0
17206	573.5042	0
17207	573.5376	0
17208	573.5709	0
17209	573.6042	0
17210	573.6376	0
17211	573.6709	0
17212	573.7042	0
17213	573.7376	0
17214	573.7709	0
17215	573.8042	0
17216	573.8376	0
17217	573.8709	0
17218	573.9042	0
17219	573.9376	0
17220	573.9709	0
17221	574.0042	0
17222	574.0376	0
17223	574.0709	0
17224	574.1042	0
17225	574.1376	0
17226	574.1709	0
17227	574.2042	0
17228	574.2376	0
17229	574.2709	0
17230	574.3042	0
17231	574.3376	0
17232	574.3709	0
17233	574.4042	0
17234	574.4376	0
17235	574.4709	0
17236	574.5042	0
17237	574.5376	0
17238	574.5709	0
17239	574.6042	0
17240	574.6376	0
17241	574.6709	0
17242	574.7042	0
17243	574.7376	0
17244	574.7709	0
17245	574.8042	0
17246	574.8376	0
17247	574.8709	0
17248	574.9042	0
17249	574.9376	0
17250	574.9709	0
17251	575.0042	0
17252	575.0376	0
17253	575.0709	0
17254	575.1042	0
17255	575.1376	0
17256	575.1709	0
17257	575.2042	0
17258	575.2376	0
17259	575.2709	0
17260	575.3042	0
17261	575.3376	0
17262	575.3709	0
17263	575.4042	0
17264	575.4376	0
17265	575.4709	0
17266	575.5042	0
17267	575.5376	0
17268	575.5709	0
17269	575.6042	0
17270	575.6376	0
17271	575.6709	0
17272	575.7042	0
17273	575.7376	0
17274	575.7709	0
17275	575.8042	0
17276	575.8376	0
17277	575.8709	0
17278	575.9042	0
17279	575.9376	0
17280	575.9709	0
17281	576.0042	0
17282	576.0376	0
17283	576.0709	0
17284	576.1042	0
17285	576.1376	0
17286	576.1709	0
17287	576.2042	0
17288	576.2376	0
17289	576.2709	0
17290	576.3042	0
17291	576.3376	0
17292	576.3709	0
17293	576.4042	0
17294	576.4376	0
17295	576.4709	0
17296	576.5042	0
17297	576.5376	0
17298	576.5709	0
17299	576.6043	0
17300	576.6376	0
17301	576.6709	0
17302	576.7043	0
17303	576.7376	0
17304	576.7709	1
17305	576.8043	1
17306	576.8376	1
17307	576.8709	1
17308	576.9043	1
17309	576.9376	1
17310	576.9709	1
17311	577.0043	1
17312	577.0376	1
17313	577.0709	1
17314	577.1043	1
17315	577.1376	1
17316	577.1709	1
17317	577.2043	1
17318	577.2376	1
17319	577.2709	1
17320	577.3043	1
17321	577.3376	1
17322	577.3709	1
17323	577.4043	1
17324	577.4376	1
17325	577.4709	1
17326	577.5043	1
17327	577.5376	1
17328	577.5709	1
17329	577.6043	1
17330	577.6376	1
17331	577.6709	1
17332	577.7043	1
17333	577.7376	1
17334	577.7709	1
17335	577.8043	1
17336	577.8376	1
17337	577.8709	1
17338	577.9043	1
17339	577.9376	1
17340	577.9709	1
17341	578.0043	1
17342	578.0376	1
17343	578.0709	1
17344	578.1043	1
17345	578.1376	1
17346	578.1709	1
17347	578.2043	1
17348	578.2376	1
17349	578.2709	1
17350	578.3043	1
17351	578.3376	1
17352	578.3709	1
17353	578.4043	1
17354	578.4376	1
17355	578.4709	1
17356	578.5043	1
17357	578.5376	1
17358	578.5709	1
17359	578.6043	1
17360	578.6376	1
17361	578.6709	1
17362	578.7043	1
17363	578.7376	1
17364	578.7709	1
17365	578.8043	1
17366	578.8376	1
17367	578.8709	1
17368	578.9043	1
17369	578.9376	1
17370	578.9709	1
17371	579.0043	1
17372	579.0376	1
17373	579.0709	1
17374	579.1043	1
17375	579.1376	1
17376	579.1709	1
17377	579.2043	1
17378	579.2376	1
17379	579.2709	1
17380	579.3043	1
17381	579.3376	1
17382	579.3709	1
17383	579.4043	1
17384	579.4376	1
17385	579.4709	1
17386	579.5043	1
17387	579.5376	1
17388	579.5709	1
17389	579.6043	1
17390	579.6376	1
17391	579.6709	1
17392	579.7043	1
17393	579.7376	1
17394	579.7709	1
17395	579.8043	1
17396	579.8376	1
17397	579.8709	1
17398	579.9043	1
17399	579.9376	1
17400	579.9709	1
17401	580.0043	1
17402	580.0376	1
17403	580.0709	1
17404	580.1043	1
17405	580.1376	1
17406	580.1709	1
17407	580.2043	1
17408	580.2376	1
17409	580.2709	1
17410	580.3043	1
17411	580.3376	1
17412	580.3709	1
17413	580.4043	1
17414	580.4376	1
17415	580.4709	1
17416	580.5043	1
17417	580.5376	1
17418	580.5709	1
17419	580.6043	1
17420	580.6376	1
17421	580.6709	1
17422	580.7043	1
17423	580.7376	1
17424	580.7709	1
17425	580.8043	1
17426	580.8376	1
17427	580.8709	1
17428	580.9043	1
17429	580.9376	1
17430	580.9709	1
17431	581.0043	1
17432	581.0376	1
17433	581.0709	1
17434	581.1043	1
17435	581.1376	1
17436	581.1710	1
17437	581.2043	1
17438	581.2376	1
17439	581.2710	1
17440	581.3043	1
17441	581.3376	1
17442	581.3710	1
17443	581.4043	1
17444	581.4376	1
17445	581.4710	1
17446	581.5043	1
17447	581.5376	1
17448	581.5710	1
17449	581.6043	1
17450	581.6376	1
17451	581.6710	1
17452	581.7043	1
17453	581.7376	1
17454	581.7710	1
17455	581.8043	1
17456	581.8376	1
17457	581.8710	1
17458	581.9043	1
17459	581.9376	1
17460	581.9710	1
17461	582.0043	1
17462	582.0376	1
17463	582.0710	1
17464	582.1043	1
17465	582.1376	1
17466	582.1710	1
17467	582.2043	1
17468	582.2376	1
17469	582.2710	1
17470	582.3043	1
17471	582.3376	1
17472	582.3710	1
17473	582.4043	0
17474	582.4376	0
17475	582.4710	0
17476	582.5043	0
17477	582.5376	0
17478	582.5710	0
17479	582.6043	0
17480	582.6376	0
17481	582.6710	0
17482	582.7043	0
17483	582.7376	0
17484	582.7710	0
17485	582.8043	0
17486	582.8376	0
17487	582.8710	0
17488	582.9043	0
17489	582.9376	0
17490	582.9710	0
17491	583.0043	0
17492	583.0376	0
17493	583.0710	0
17494	583.1043	0
17495	583.1376	0
17496	583.1710	0
17497	583.2043	0
17498	583.2376	0
17499	583.2710	0
17500	583.3043	0
17501	583.3376	0
17502	583.3710	0
17503	583.4043	0
17504	583.4376	0
17505	583.4710	0
17506	583.5043	0
17507	583.5376	0
17508	583.5710	0
17509	583.6043	0
17510	583.6376	0
17511	583.6710	0
17512	583.7043	0
17513	583.7376	0
17514	583.7710	0
17515	583.8043	0
17516	583.8376	0
17517	583.8710	0
17518	583.9043	0
17519	583.9376	0
17520	583.9710	0
17521	584.0043	0
17522	584.0376	0
17523	584.0710	0
17524	584.1043	1
17525	584.1376	1
17526	584.1710	1
17527	584.2043	1
17528	584.2376	1
17529	584.2710	1
17530	584.3043	1
17531	584.3376	1
17532	584.3710	1
17533	584.4043	1
17534	584.4376	1
17535	584.4710	1
17536	584.5043	1
17537	584.5376	1
17538	584.5710	1
17539	584.6043	1
17540	584.6376	1
17541	584.6710	1
17542	584.7043	1
17543	584.7376	1
17544	584.7710	1
17545	584.8043	1
17546	584.8376	1
17547	584.8710	1
17548	584.9043	1
17549	584.9376	1
17550	584.9710	1
17551	585.0043	1
17552	585.0376	1
17553	585.0710	1
17554	585.1043	1
17555	585.1376	1
17556	585.1710	1
17557	585.2043	1
17558	585.2376	1
17559	585.2710	1
17560	585.3043	1
17561	585.3376	1
17562	585.3710	1
17563	585.4043	1
17564	585.4376	1
17565	585.4710	1
17566	585.5043	1
17567	585.5376	1
17568	585.5710	1
17569	585.6043	1
17570	585.6376	1
17571	585.6710	1
17572	585.7043	1
17573	585.7377	1
17574	585.7710	1
17575	585.8043	1
17576	585.8377	1
17577	585.8710	1
17578	585.9043	1
17579	585.9377	1
17580	585.9710	1
17581	586.0043	1
17582	586.0377	1
17583	586.0710	1
17584	586.1043	1
17585	586.1377	1
17586	586.1710	1
17587	586.2043	1
17588	586.2377	1
17589	586.2710	1
17590	586.3043	1
17591	586.3377	1
17592	586.3710	1
17593	586.4043	1
17594	586.4377	1
17595	586.4710	1
17596	586.5043	1
17597	586.5377	1
17598	586.5710	1
17599	586.6043	1
17600	586.6377	1
17601	586.6710	1
17602	586.7043	1
17603	586.7377	1
17604	586.7710	1
17605	586.8043	1
17606	586.8377	1
17607	586.8710	1
17608	586.9043	1
17609	586.9377	1
17610	586.9710	1
17611	587.0043	1
17612	587.0377	1
17613	587.0710	1
17614	587.1043	1
17615	587.1377	1
17616	587.1710	1
17617	587.2043	1
17618	587.2377	1
17619	587.2710	1
17620	587.3043	1
17621	587.3377	1
17622	587.3710	0
17623	587.4043	0
17624	587.4377	0
17625	587.4710	0
17626	587.5043	0
17627	587.5377	0
17628	587.5710	0
17629	587.6043	0
17630	587.6377	0
17631	587.6710	0
17632	587.7043	0
17633	587.7377	0
17634	587.7710	0
17635	587.8043	0
17636	587.8377	0
17637	587.8710	0
17638	587.9043	0
17639	587.9377	0
17640	587.9710	0
17641	588.0043	0
17642	588.0377	0
17643	588.0710	0
17644	588.1043	0
17645	588.1377	0
17646	588.1710	0
17647	588.2043	0
17648	588.2377	0
17649	588.2710	0
17650	588.3043	0
17651	588.3377	0
17652	588.3710	0
17653	588.4043	0
17654	588.4377	0
17655	588.4710	0
17656	588.5043	0
17657	588.5377	0
17658	588.5710	0
17659	588.6043	0
17660	588.6377	0
17661	588.6710	0
17662	588.7043	0
17663	588.7377	0
17664	588.7710	0
17665	588.8043	0
17666	588.8377	0
17667	588.8710	0
17668	588.9043	0
17669	588.9377	0
17670	588.9710	0
17671	589.0043	0
17672	589.0377	0
17673	589.0710	0
17674	589.1043	0
17675	589.1377	0
17676	589.1710	0
17677	589.2043	0
17678	589.2377	0
17679	589.2710	0
17680	589.3043	0
17681	589.3377	0
17682	589.3710	0
17683	589.4043	0
17684	589.4377	0
17685	589.4710	0
17686	589.5043	0
17687	589.5377	0
17688	589.5710	0
17689	589.6043	0
17690	589.6377	0
17691	589.6710	0
17692	589.7043	0
17693	589.7377	0
17694	589.7710	0
17695	589.8043	0
17696	589.8377	0
17697	589.8710	0
17698	589.9043	0
17699	589.9377	0
17700	589.9710	0
17701	590.0043	0
17702	590.0377	0
17703	590.0710	0
17704	590.1043	0
17705	590.1377	0
17706	590.1710	0
17707	590.2044	0
17708	590.2377	0
17709	590.2710	0
17710	590.3044	0
17711	590.3377	0
17712	590.3710	0
17713	590.4044	0
17714	590.4377	0
17715	590.4710	0
17716	590.5044	0
17717	590.5377	0
17718	590.5710	0
17719	590.6044	0
17720	590.6377	0
17721	590.6710	0
17722	590.7044	0
17723	590.7377	0
17724	590.7710	0
17725	590.8044	0
17726	590.8377	0
17727	590.8710	0
17728	590.9044	0
17729	590.9377	0
17730	590.9710	0
17731	591.0044	0
17732	591.0377	0
17733	591.0710	0
17734	591.1044	0
17735	591.1377	0
17736	591.1710	0
17737	591.2044	0
17738	591.2377	0
17739	591.2710	0
17740	591.3044	0
17741	591.3377	0
17742	591.3710	0
17743	591.4044	0
17744	591.4377	0
17745	591.4710	0
17746	591.5044	0
17747	591.5377	1
17748	591.5710	1
17749	591.6044	1
17750	591.6377	1
17751	591.6710	1
17752	591.7044	1
17753	591.7377	1
17754	591.7710	1
17755	591.8044	1
17756	591.8377	1
17757	591.8710	1
17758	591.9044	1
17759	591.9377	1
17760	591.9710	1
17761	592.0044	1
17762	592.0377	1
17763	592.0710	1
17764	592.1044	1
17765	592.1377	1
17766	592.1710	1
17767	592.2044	1
17768	592.2377	1
17769	592.2710	1
17770	592.3044	1
17771	592.3377	1
17772	592.3710	1
17773	592.4044	1
17774	592.4377	1
17775	592.4710	1
17776	592.5044	1
17777	592.5377	1
17778	592.5710	1
17779	592.6044	1
17780	592.6377	1
17781	592.6710	1
17782	592.7044	1
17783	592.7377	1
17784	592.7710	1
17785	592.8044	1
17786	592.8377	1
17787	592.8710	1
17788	592.9044	1
17789	592.9377	1
17790	592.9710	1
17791	593.0044	1
17792	593.0377	1
17793	593.0710	1
17794	593.1044	1
17795	593.1377	1
17796	593.1710	1
17797	593.2044	1
17798	593.2377	1
17799	593.2710	1
17800	593.3044	1
17801	593.3377	1
17802	593.3710	1
17803	593.4044	1
17804	593.4377	1
17805	593.4710	1
17806	593.5044	1
17807	593.5377	1
17808	593.5710	1
17809	593.6044	1
17810	593.6377	1
17811	593.6710	1
17812	593.7044	1
17813	593.7377	1
17814	593.7710	1
17815	593.8044	1
17816	593.8377	0
17817	593.8710	0
17818	593.9044	0
17819	593.9377	0
17820	593.9710	0
17821	594.0044	0
17822	594.0377	0
17823	594.0710	0
17824	594.1044	0
17825	594.1377	0
17826	594.1710	0
17827	594.2044	0
17828	594.2377	0
17829	594.2710	0
17830	594.3044	0
17831	594.3377	0
17832	594.3710	0
17833	594.4044	0
17834	594.4377	0
17835	594.4710	0
17836	594.5044	0
17837	594.5377	0
17838	594.5710	0
17839	594.6044	0
17840	594.6377	0
17841	594.6710	0
17842	594.7044	0
17843	594.7377	0
17844	594.7711	0
17845	594.8044	0
17846	594.8377	0
17847	594.8711	0
17848	594.9044	0
17849	594.9377	0
17850	594.9711	0
17851	595.0044	0
17852	595.0377	0
17853	595.0711	0
17854	595.1044	0
17855	595.1377	0
17856	595.1711	0
17857	595.2044	0
17858	595.2377	0
17859	595.2711	0
17860	595.3044	0
17861	595.3377	0
17862	595.3711	0
17863	595.4044	0
17864	595.4377	0
17865	595.4711	0
17866	595.5044	0
17867	595.5377	0
17868	595.5711	0
17869	595.6044	0
17870	595.6377	0
17871	595.6711	0
17872	595.7044	0
17873	595.7377	0
17874	595.7711	0
17875	595.8044	0
17876	595.8377	0
17877	595.8711	0
17878	595.9044	0
17879	595.9377	0
17880	595.9711	0
17881	596.0044	0
17882	596.0377	0
17883	596.0711	0
17884	596.1044	0
17885	596.1377	0
17886	596.1711	0
17887	596.2044	1
17888	596.2377	1
17889	596.2711	1
17890	596.3044	1
17891	596.3377	1
17892	596.3711	1
17893	596.4044	1
17894	596.4377	1
17895	596.4711	1
17896	596.5044	1
17897	596.5377	1
17898	596.5711	1
17899	596.6044	1
17900	596.6377	1
17901	596.6711	1
17902	596.7044	1
17903	596.7377	1
17904	596.7711	1
17905	596.8044	1
17906	596.8377	1
17907	596.8711	1
17908	596.9044	1
17909	596.9377	1
17910	596.9711	1
17911	597.0044	1
17912	597.0377	1
17913	597.0711	1
17914	597.1044	1
17915	597.1377	1
17916	597.1711	1
17917	597.2044	1
17918	597.2377	1
17919	597.2711	1
17920	597.3044	1
17921	597.3377	1
17922	597.3711	1
17923	597.4044	1
17924	597.4377	1
17925	597.4711	1
17926	597.5044	1
17927	597.5377	1
17928	597.5711	1
17929	597.6044	1
17930	597.6377	1
17931	597.6711	1
17932	597.7044	1
17933	597.7377	1
17934	597.7711	1
17935	597.8044	1
17936	597.8377	1
17937	597.8711	1
17938	597.9044	1
17939	597.9377	1
17940	597.9711	1
17941	598.0044	1
17942	598.0377	1
17943	598.0711	1
17944	598.1044	1
17945	598.1377	1
17946	598.1711	1
17947	598.2044	1
17948	598.2377	1
17949	598.2711	1
17950	598.3044	1
17951	598.3377	1
17952	598.3711	1
17953	598.4044	1
17954	598.4377	1
17955	598.4711	1
17956	598.5044	1
17957	598.5377	1
17958	598.5711	1
17959	598.6044	1
17960	598.6377	1
17961	598.6711	1
17962	598.7044	1
17963	598.7377	1
17964	598.7711	1
17965	598.8044	1
17966	598.8377	1
17967	598.8711	1
17968	598.9044	1
17969	598.9377	1
17970	598.9711	1
17971	599.0044	1
17972	599.0377	1
17973	599.0711	1
17974	599.1044	1
17975	599.1377	1
17976	599.1711	1
17977	599.2044	1
17978	599.2378	1
17979	599.2711	1
17980	599.3044	1
17981	599.3378	1
17982	599.3711	1
17983	599.4044	1
17984	599.4378	1
17985	599.4711	1
17986	599.5044	1
17987	599.5378	1
17988	599.5711	1
17989	599.6044	1
17990	599.6378	1
17991	599.6711	1
17992	599.7044	1
17993	599.7378	1
17994	599.7711	1
17995	599.8044	1
17996	599.8378	1
17997	599.8711	1
17998	599.9044	1
17999	599.9378	1
18000	599.9711	1
18001	600.0044	1
18002	600.0378	1
18003	600.0711	1
18004	600.1044	1
18005	600.1378	1
18006	600.1711	1
18007	600.2044	1
18008	600.2378	1
18009	600.2711	1
18010	600.3044	1
18011	600.3378	1
18012	600.3711	1
18013	600.4044	1
18014	600.4378	1
18015	600.4711	1
18016	600.5044	1
18017	600.5378	1
18018	600.5711	1
18019	600.6044	1
18020	600.6378	1
18021	600.6711	1
18022	600.7044	1
18023	600.7378	1
18024	600.7711	1
18025	600.8044	1
18026	600.8378	1
18027	600.8711	1
18028	600.9044	1
18029	600.9378	1
18030	600.9711	1
18031	601.0044	1
18032	601.0378	1
18033	601.0711	1
18034	601.1044	1
18035	601.1378	1
18036	601.1711	1
18037	601.2044	1
18038	601.2378	1
18039	601.2711	1
18040	601.3044	1
18041	601.3378	1
18042	601.3711	1
18043	601.4044	1
18044	601.4378	1
18045	601.4711	1
18046	601.5044	1
18047	601.5378	1
18048	601.5711	1
18049	601.6044	1
18050	601.6378	1
18051	601.6711	1
18052	601.7044	1
18053	601.7378	1
18054	601.7711	1
18055	601.8044	1
18056	601.8378	1
18057	601.8711	1
18058	601.9044	1
18059	601.9378	1
18060	601.9711	1
18061	602.0044	1
18062	602.0378	1
18063	602.0711	1
18064	602.1044	1
18065	602.1378	1
18066	602.1711	1
18067	602.2044	1
18068	602.2378	1
18069	602.2711	1
18070	602.3044	1
18071	602.3378	1
18072	602.3711	1
18073	602.4044	0
18074	602.4378	0
18075	602.4711	0
18076	602.5044	0
18077	602.5378	0
18078	602.5711	0
18079	602.6044	0
18080	602.6378	0
18081	602.6711	0
18082	602.7044	0
18083	602.7378	0
18084	602.7711	0
18085	602.8044	0
18086	602.8378	0
18087	602.8711	0
18088	602.9044	0
18089	602.9378	0
18090	602.9711	0
18091	603.0044	0
18092	603.0378	0
18093	603.0711	0
18094	603.1044	0
18095	603.1378	0
18096	603.1711	0
18097	603.2044	0
18098	603.2378	0
18099	603.2711	0
18100	603.3044	0
18101	603.3378	0
18102	603.3711	0
18103	603.4044	0
18104	603.4378	0
18105	603.4711	0
18106	603.5044	0
18107	603.5378	0
18108	603.5711	0
18109	603.6044	0
18110	603.6378	0
18111	603.6711	0
18112	603.7044	0
18113	603.7378	0
18114	603.7711	0
18115	603.8045	0
18116	603.8378	0
18117	603.8711	0
18118	603.9045	0
18119	603.9378	0
18120	603.9711	0
18121	604.0045	0
18122	604.0378	0
18123	604.0711	0
18124	604.1045	0
18125	604.1378	0
18126	604.1711	0
18127	604.2045	0
18128	604.2378	0
18129	604.2711	0
18130	604.3045	0
18131	604.3378	0
18132	604.3711	0
18133	604.4045	0
18134	604.4378	0
18135	604.4711	0
18136	604.5045	0
18137	604.5378	0
18138	604.5711	0
18139	604.6045	0
18140	604.6378	0
18141	604.6711	0
18142	604.7045	0
18143	604.7378	0
18144	604.7711	0
18145	604.8045	0
18146	604.8378	0
18147	604.8711	0
18148	604.9045	0
18149	604.9378	0
18150	604.9711	0
18151	605.0045	0
18152	605.0378	0
18153	605.0711	0
18154	605.1045	0
18155	605.1378	0
18156	605.1711	1
18157	605.2045	1
18158	605.2378	1
18159	605.2711	1
18160	605.3045	1
18161	605.3378	1
18162	605.3711	1
18163	605.4045	1
18164	605.4378	1
18165	605.4711	1
18166	605.5045	1
18167	605.5378	1
18168	605.5711	1
18169	605.6045	1
18170	605.6378	1
18171	605.6711	1
18172	605.7045	1
18173	605.7378	1
18174	605.7711	1
18175	605.8045	1
18176	605.8378	1
18177	605.8711	1
18178	605.9045	1
18179	605.9378	1
18180	605.9711	1
18181	606.0045	1
18182	606.0378	1
18183	606.0711	1
18184	606.1045	1
18185	606.1378	1
18186	606.1711	1
18187	606.2045	1
18188	606.2378	1
18189	606.2711	1
18190	606.3045	1
18191	606.3378	1
18192	606.3711	1
18193	606.4045	1
18194	606.4378	1
18195	606.4711	1
18196	606.5045	1
18197	606.5378	1
18198	606.5711	1
18199	606.6045	1
18200	606.6378	1
18201	606.6711	1
18202	606.7045	1
18203	606.7378	1
18204	606.7711	1
18205	606.8045	1
18206	606.8378	1
18207	606.8711	1
18208	606.9045	1
18209	606.9378	1
18210	606.9711	1
18211	607.0045	1
18212	607.0378	1
18213	607.0711	1
18214	607.1045	1
18215	607.1378	1
18216	607.1711	1
18217	607.2045	0
18218	607.2378	0
18219	607.2711	0
18220	607.3045	0
18221	607.3378	0
18222	607.3711	0
18223	607.4045	0
18224	607.4378	0
18225	607.4711	0
18226	607.5045	0
18227	607.5378	0
18228	607.5711	0
18229	607.6045	0
18230	607.6378	0
18231	607.6711	0
18232	607.7045	0
18233	607.7378	0
18234	607.7711	0
18235	607.8045	0
18236	607.8378	0
18237	607.8711	0
18238	607.9045	0
18239	607.9378	0
18240	607.9711	1
18241	608.0045	1
18242	608.0378	1
18243	608.0711	1
18244	608.1045	1
18245	608.1378	1
18246	608.1711	1
18247	608.2045	1
18248	608.2378	1
18249	608.2712	1
18250	608.3045	1
18251	608.3378	1
18252	608.3712	1
18253	608.4045	1
18254	608.4378	1
18255	608.4712	1
18256	608.5045	1
18257	608.5378	1
18258	608.5712	1
18259	608.6045	1
18260	608.6378	1
18261	608.6712	1
18262	608.7045	1
18263	608.7378	1
18264	608.7712	1
18265	608.8045	1
18266	608.8378	1
18267	608.8712	1
18268	608.9045	1
18269	608.9378	0
18270	608.9712	0
18271	609.0045	0
18272	609.0378	0
18273	609.0712	0
18274	609.1045	0
18275	609.1378	1
18276	609.1712	1
18277	609.2045	1
18278	609.2378	1
18279	609.2712	1
18280	609.3045	1
18281	609.3378	1
18282	609.3712	1
18283	609.4045	1
18284	609.4378	1
18285	609.4712	1
18286	609.5045	1
18287	609.5378	1
18288	609.5712	1
18289	609.6045	1
18290	609.6378	1
18291	609.6712	1
18292	609.7045	1
18293	609.7378	1
18294	609.7712	1
18295	609.8045	1
18296	609.8378	1
18297	609.8712	1
18298	609.9045	1
18299	609.9378	1
18300	609.9712	1
18301	610.0045	1
18302	610.0378	1
18303	610.0712	1
18304	610.1045	1
18305	610.1378	1
18306	610.1712	1
18307	610.2045	1
18308	610.2378	1
18309	610.2712	1
18310	610.3045	1
18311	610.3378	1
18312	610.3712	1
18313	610.4045	1
18314	610.4378	1
18315	610.4712	1
18316	610.5045	1
18317	610.5378	1
18318	610.5712	1
18319	610.6045	1
18320	610.6378	1
18321	610.6712	1
18322	610.7045	1
18323	610.7378	1
18324	610.7712	1
18325	610.8045	1
18326	610.8378	1
18327	610.8712	1
18328	610.9045	0
18329	610.9378	0
18330	610.9712	0
18331	611.0045	0
18332	611.0378	0
18333	611.0712	0
18334	611.1045	0
18335	611.1378	0
18336	611.1712	0
18337	611.2045	0
18338	611.2378	0
18339	611.2712	0
18340	611.3045	0
18341	611.3378	0
18342	611.3712	0
18343	611.4045	0
18344	611.4378	0
18345	611.4712	0
18346	611.5045	0
18347	611.5378	0
18348	611.5712	0
18349	611.6045	0
18350	611.6378	0
18351	611.6712	0
18352	611.7045	0
18353	611.7378	0
18354	611.7712	0
18355	611.8045	0
18356	611.8378	0
18357	611.8712	0
18358	611.9045	0
18359	611.9378	1
18360	611.9712	1
18361	612.0045	1
18362	612.0378	1
18363	612.0712	1
18364	612.1045	1
18365	612.1378	1
18366	612.1712	1
18367	612.2045	1
18368	612.2378	1
18369	612.2712	1
18370	612.3045	1
18371	612.3378	1
18372	612.3712	1
18373	612.4045	1
18374	612.4378	1
18375	612.4712	1
18376	612.5045	1
18377	612.5378	1
18378	612.5712	1
18379	612.6045	1
18380	612.6378	1
18381	612.6712	1
18382	612.7045	1
18383	612.7378	1
18384	612.7712	1
18385	612.8045	1
18386	612.8379	1
18387	612.8712	1
18388	612.9045	1
18389	612.9379	1
18390	612.9712	0
18391	613.0045	0
18392	613.0379	0
18393	613.0712	0
18394	613.1045	0
18395	613.1379	0
18396	613.1712	0
18397	613.2045	0
18398	613.2379	0
18399	613.2712	0
18400	613.3045	0
18401	613.3379	0
18402	613.3712	0
18403	613.4045	0
18404	613.4379	0
18405	613.4712	0
18406	613.5045	0
18407	613.5379	0
18408	613.5712	0
18409	613.6045	0
18410	613.6379	0
18411	613.6712	0
18412	613.7045	0
18413	613.7379	0
18414	613.7712	0
18415	613.8045	0
18416	613.8379	0
18417	613.8712	0
18418	613.9045	0
18419	613.9379	0
18420	613.9712	0
18421	614.0045	0
18422	614.0379	1
18423	614.0712	1
18424	614.1045	1
18425	614.1379	1
18426	614.1712	1
18427	614.2045	1
18428	614.2379	1
18429	614.2712	1
18430	614.3045	1
18431	614.3379	1
18432	614.3712	1
18433	614.4045	1
18434	614.4379	1
18435	614.4712	1
18436	614.5045	1
18437	614.5379	1
18438	614.5712	1
18439	614.6045	1
18440	614.6379	1
18441	614.6712	1
18442	614.7045	1
18443	614.7379	1
18444	614.7712	1
18445	614.8045	1
18446	614.8379	1
18447	614.8712	1
18448	614.9045	1
18449	614.9379	1
18450	614.9712	1
18451	615.0045	1
18452	615.0379	1
18453	615.0712	1
18454	615.1045	1
18455	615.1379	1
18456	615.1712	1
18457	615.2045	1
18458	615.2379	1
18459	615.2712	1
18460	615.3045	1
18461	615.3379	1
18462	615.3712	1
18463	615.4045	1
18464	615.4379	1
18465	615.4712	1
18466	615.5045	1
18467	615.5379	1
18468	615.5712	1
18469	615.6045	1
18470	615.6379	1
18471	615.6712	1
18472	615.7045	1
18473	615.7379	1
18474	615.7712	1
18475	615.8045	1
18476	615.8379	1
18477	615.8712	1
18478	615.9045	1
18479	615.9379	1
18480	615.9712	1
18481	616.0045	1
18482	616.0379	1
18483	616.0712	1
18484	616.1045	1
18485	616.1379	1
18486	616.1712	1
18487	616.2045	1
18488	616.2379	1
18489	616.2712	1
18490	616.3045	1
18491	616.3379	1
18492	616.3712	1
18493	616.4045	1
18494	616.4379	1
18495	616.4712	1
18496	616.5045	1
18497	616.5379	1
18498	616.5712	1
18499	616.6045	1
18500	616.6379	1
18501	616.6712	1
18502	616.7045	1
18503	616.7379	1
18504	616.7712	1
18505	616.8045	1
18506	616.8379	1
18507	616.8712	1
18508	616.9045	1
18509	616.9379	1
18510	616.9712	1
18511	617.0045	1
18512	617.0379	1
18513	617.0712	1
18514	617.1045	1
18515	617.1379	1
18516	617.1712	1
18517	617.2045	1
18518	617.2379	1
18519	617.2712	1
18520	617.3046	1
18521	617.3379	1
18522	617.3712	1
18523	617.4046	1
18524	617.4379	1
18525	617.4712	1
18526	617.5046	1
18527	617.5379	1
18528	617.5712	1
18529	617.6046	1
18530	617.6379	1
18531	617.6712	1
18532	617.7046	1
18533	617.7379	1
18534	617.7712	1
18535	617.8046	1
18536	617.8379	1
18537	617.8712	1
18538	617.9046	1
18539	617.9379	1
18540	617.9712	1
18541	618.0046	1
18542	618.0379	1
18543	618.0712	1
18544	618.1046	1
18545	618.1379	1
18546	618.1712	1
18547	618.2046	1
18548	618.2379	1
18549	618.2712	1
18550	618.3046	1
18551	618.3379	1
18552	618.3712	1
18553	618.4046	1
18554	618.4379	1
18555	618.4712	1
18556	618.5046	1
18557	618.5379	1
18558	618.5712	1
18559	618.6046	1
18560	618.6379	1
18561	618.6712	1
18562	618.7046	1
18563	618.7379	1
18564	618.7712	1
18565	618.8046	1
18566	618.8379	1
18567	618.8712	1
18568	618.9046	1
18569	618.9379	1
18570	618.9712	1
18571	619.0046	1
18572	619.0379	1
18573	619.0712	1
18574	619.1046	1
18575	619.1379	1
18576	619.1712	1
18577	619.2046	1
18578	619.2379	1
18579	619.2712	1
18580	619.3046	1
18581	619.3379	1
18582	619.3712	1
18583	619.4046	1
18584	619.4379	1
18585	619.4712	1
18586	619.5046	1
18587	619.5379	1
18588	619.5712	1
18589	619.6046	1
18590	619.6379	1
18591	619.6712	1
18592	619.7046	1
18593	619.7379	1
18594	619.7712	1
18595	619.8046	1
18596	619.8379	1
18597	619.8712	1
18598	619.9046	1
18599	619.9379	1
18600	619.9712	1
18601	620.0046	1
18602	620.0379	1
18603	620.0712	1
18604	620.1046	1
18605	620.1379	1
18606	620.1712	1
18607	620.2046	1
18608	620.2379	1
18609	620.2712	1
18610	620.3046	1
18611	620.3379	1
18612	620.3712	1
18613	620.4046	1
18614	620.4379	1
18615	620.4712	1
18616	620.5046	1
18617	620.5379	1
18618	620.5712	1
18619	620.6046	1
18620	620.6379	1
18621	620.6712	1
18622	620.7046	1
18623	620.7379	1
18624	620.7712	1
18625	620.8046	1
18626	620.8379	1
18627	620.8712	1
18628	620.9046	1
18629	620.9379	1
18630	620.9712	1
18631	621.0046	1
18632	621.0379	1
18633	621.0712	1
18634	621.1046	1
18635	621.1379	1
18636	621.1712	1
18637	621.2046	1
18638	621.2379	1
18639	621.2712	1
18640	621.3046	1
18641	621.3379	1
18642	621.3712	1
18643	621.4046	1
18644	621.4379	1
18645	621.4712	1
18646	621.5046	1
18647	621.5379	1
18648	621.5712	1
18649	621.6046	1
18650	621.6379	0
18651	621.6712	0
18652	621.7046	0
18653	621.7379	0
18654	621.7712	0
18655	621.8046	0
18656	621.8379	0
18657	621.8713	0
18658	621.9046	0
18659	621.9379	0
18660	621.9713	0
18661	622.0046	0
18662	622.0379	0
18663	622.0713	0
18664	622.1046	0
18665	622.1379	0
18666	622.1713	0
18667	622.2046	0
18668	622.2379	0
18669	622.2713	0
18670	622.3046	0
18671	622.3379	0
18672	622.3713	0
18673	622.4046	0
18674	622.4379	0
18675	622.4713	0
18676	622.5046	0
18677	622.5379	0
18678	622.5713	0
18679	622.6046	0
18680	622.6379	0
18681	622.6713	0
18682	622.7046	0
18683	622.7379	0
18684	622.7713	0
18685	622.8046	0
18686	622.8379	0
18687	622.8713	0
18688	622.9046	0
18689	622.9379	0
18690	622.9713	0
18691	623.0046	0
18692	623.0379	0
18693	623.0713	0
18694	623.1046	0
18695	623.1379	0
18696	623.1713	0
18697	623.2046	0
18698	623.2379	0
18699	623.2713	0
18700	623.3046	0
18701	623.3379	0
18702	623.3713	0
18703	623.4046	0
18704	623.4379	0
18705	623.4713	0
18706	623.5046	0
18707	623.5379	0
18708	623.5713	0
18709	623.6046	0
18710	623.6379	0
18711	623.6713	1
18712	623.7046	1
18713	623.7379	1
18714	623.7713	1
18715	623.8046	1
18716	623.8379	1
18717	623.8713	1
18718	623.9046	1
18719	623.9379	1
18720	623.9713	1
18721	624.0046	1
18722	624.0379	1
18723	624.0713	1
18724	624.1046	1
18725	624.1379	1
18726	624.1713	1
18727	624.2046	1
18728	624.2379	1
18729	624.2713	1
18730	624.3046	1
18731	624.3379	0
18732	624.3713	0
18733	624.4046	0
18734	624.4379	0
18735	624.4713	0
18736	624.5046	0
18737	624.5379	0
18738	624.5713	0
18739	624.6046	0
18740	624.6379	0
18741	624.6713	0
18742	624.7046	0
18743	624.7379	0
18744	624.7713	0
18745	624.8046	0
18746	624.8379	0
18747	624.8713	0
18748	624.9046	0
18749	624.9379	0
18750	624.9713	0
18751	625.0046	0
18752	625.0379	0
18753	625.0713	0
18754	625.1046	0
18755	625.1379	0
18756	625.1713	0
18757	625.2046	0
18758	625.2379	0
18759	625.2713	0
18760	625.3046	0
18761	625.3379	0
18762	625.3713	0
18763	625.4046	0
18764	625.4379	0
18765	625.4713	0
18766	625.5046	0
18767	625.5379	0
18768	625.5713	0
18769	625.6046	0
18770	625.6379	0
18771	625.6713	0
18772	625.7046	0
18773	625.7379	0
18774	625.7713	0
18775	625.8046	0
18776	625.8379	0
18777	625.8713	0
18778	625.9046	0
18779	625.9379	0
18780	625.9713	0
18781	626.0046	0
18782	626.0379	0
18783	626.0713	0
18784	626.1046	0
18785	626.1379	0
18786	626.1713	0
18787	626.2046	0
18788	626.2379	0
18789	626.2713	0
18790	626.3046	0
18791	626.3379	0
18792	626.3713	0
18793	626.4046	0
18794	626.4380	0
18795	626.4713	0
18796	626.5046	0
18797	626.5380	0
18798	626.5713	0
18799	626.6046	0
18800	626.6380	0
18801	626.6713	0
18802	626.7046	0
18803	626.7380	0
18804	626.7713	0
18805	626.8046	0
18806	626.8380	0
18807	626.8713	0
18808	626.9046	0
18809	626.9380	0
18810	626.9713	0
18811	627.0046	0
18812	627.0380	0
18813	627.0713	0
18814	627.1046	0
18815	627.1380	0
18816	627.1713	0
18817	627.2046	0
18818	627.2380	0
18819	627.2713	0
18820	627.3046	0
18821	627.3380	0
18822	627.3713	0
18823	627.4046	0
18824	627.4380	0
18825	627.4713	0
18826	627.5046	0
18827	627.5380	0
18828	627.5713	0
18829	627.6046	0
18830	627.6380	0
18831	627.6713	0
18832	627.7046	0
18833	627.7380	0
18834	627.7713	0
18835	627.8046	0
18836	627.8380	0
18837	627.8713	0
18838	627.9046	0
18839	627.9380	0
18840	627.9713	0
18841	628.0046	0
18842	628.0380	0
18843	628.0713	0
18844	628.1046	0
18845	628.1380	0
18846	628.1713	0
18847	628.2046	0
18848	628.2380	1
18849	628.2713	1
18850	628.3046	1
18851	628.3380	1
18852	628.3713	1
18853	628.4046	1
18854	628.4380	1
18855	628.4713	1
18856	628.5046	1
18857	628.5380	1
18858	628.5713	1
18859	628.6046	1
18860	628.6380	1
18861	628.6713	1
18862	628.7046	1
18863	628.7380	1
18864	628.7713	1
18865	628.8046	1
18866	628.8380	1
18867	628.8713	1
18868	628.9046	1
18869	628.9380	1
18870	628.9713	1
18871	629.0046	1
18872	629.0380	1
18873	629.0713	1
18874	629.1046	1
18875	629.1380	1
18876	629.1713	1
18877	629.2046	1
18878	629.2380	1
18879	629.2713	1
18880	629.3046	1
18881	629.3380	1
18882	629.3713	1
18883	629.4046	1
18884	629.4380	1
18885	629.4713	1
18886	629.5046	1
18887	629.5380	1
18888	629.5713	1
18889	629.6046	1
18890	629.6380	1
18891	629.6713	1
18892	629.7046	1
18893	629.7380	1
18894	629.7713	1
18895	629.8046	1
18896	629.8380	1
18897	629.8713	1
18898	629.9046	1
18899	629.9380	1
18900	629.9713	1
18901	630.0046	1
18902	630.0380	1
18903	630.0713	1
18904	630.1046	1
18905	630.1380	1
18906	630.1713	1
18907	630.2046	1
18908	630.2380	1
18909	630.2713	1
18910	630.3046	1
18911	630.3380	1
18912	630.3713	1
18913	630.4046	1
18914	630.4380	1
18915	630.4713	1
18916	630.5046	1
18917	630.5380	1
18918	630.5713	1
18919	630.6046	1
18920	630.6380	1
18921	630.6713	1
18922	630.7046	1
18923	630.7380	1
18924	630.7713	1
18925	630.8046	1
18926	630.8380	1
18927	630.8713	1
18928	630.9047	1
18929	630.9380	1
18930	630.9713	1
18931	631.0047	1
18932	631.0380	1
18933	631.0713	1
18934	631.1047	1
18935	631.1380	1
18936	631.1713	1
18937	631.2047	1
18938	631.2380	1
18939	631.2713	1
18940	631.3047	1
18941	631.3380	1
18942	631.3713	1
18943	631.4047	1
18944	631.4380	1
18945	631.4713	1
18946	631.5047	1
18947	631.5380	1
18948	631.5713	1
18949	631.6047	1
18950	631.6380	1
18951	631.6713	1
18952	631.7047	1
18953	631.7380	1
18954	631.7713	1
18955	631.8047	1
18956	631.8380	1
18957	631.8713	1
18958	631.9047	1
18959	631.9380	1
18960	631.9713	1
18961	632.0047	1
18962	632.0380	1
18963	632.0713	1
18964	632.1047	1
18965	632.1380	1
18966	632.1713	1
18967	632.2047	1
18968	632.2380	1
18969	632.2713	1
18970	632.3047	1
18971	632.3380	1
18972	632.3713	1
18973	632.4047	1
18974	632.4380	1
18975	632.4713	1
18976	632.5047	1
18977	632.5380	1
18978	632.5713	1
18979	632.6047	1
18980	632.6380	1
18981	632.6713	1
18982	632.7047	1
18983	632.7380	1
18984	632.7713	1
18985	632.8047	1
18986	632.8380	1
18987	632.8713	1
18988	632.9047	0
18989	632.9380	0
18990	632.9713	0
18991	633.0047	0
18992	633.0380	0
18993	633.0713	0
18994	633.1047	0
18995	633.1380	0
18996	633.1713	0
18997	633.2047	0
18998	633.2380	0
18999	633.2713	0
19000	633.3047	0
19001	633.3380	0
19002	633.3713	0
19003	633.4047	0
19004	633.4380	0
19005	633.4713	0
19006	633.5047	0
19007	633.5380	0
19008	633.5713	0
19009	633.6047	0
19010	633.6380	0
19011	633.6713	0
19012	633.7047	0
19013	633.7380	0
19014	633.7713	0
19015	633.8047	0
19016	633.8380	0
19017	633.8713	0
19018	633.9047	0
19019	633.9380	0
19020	633.9713	0
19021	634.0047	0
19022	634.0380	0
19023	634.0713	0
19024	634.1047	0
19025	634.1380	0
19026	634.1713	0
19027	634.2047	0
19028	634.2380	0
19029	634.2713	0
19030	634.3047	0
19031	634.3380	0
19032	634.3713	0
19033	634.4047	0
19034	634.4380	0
19035	634.4713	0
19036	634.5047	0
19037	634.5380	0
19038	634.5713	0
19039	634.6047	0
19040	634.6380	0
19041	634.6713	0
19042	634.7047	0
19043	634.7380	0
19044	634.7713	0
19045	634.8047	0
19046	634.8380	0
19047	634.8713	0
19048	634.9047	0
19049	634.9380	0
19050	634.9713	0
19051	635.0047	0
19052	635.0380	0
19053	635.0713	0
19054	635.1047	0
19055	635.1380	0
19056	635.1713	0
19057	635.2047	0
19058	635.2380	0
19059	635.2713	0
19060	635.3047	0
19061	635.3380	0
19062	635.3713	0
19063	635.4047	0
19064	635.4380	0
19065	635.4714	0
19066	635.5047	0
19067	635.5380	0
19068	635.5714	0
19069	635.6047	0
19070	635.6380	0
19071	635.6714	0
19072	635.7047	0
19073	635.7380	0
19074	635.7714	0
19075	635.8047	0
19076	635.8380	0
19077	635.8714	0
19078	635.9047	0
19079	635.9380	0
19080	635.9714	0
19081	636.0047	0
19082	636.0380	0
19083	636.0714	0
19084	636.1047	0
19085	636.1380	0
19086	636.1714	0
19087	636.2047	0
19088	636.2380	0
19089	636.2714	0
19090	636.3047	0
19091	636.3380	0
19092	636.3714	0
19093	636.4047	0
19094	636.4380	0
19095	636.4714	0
19096	636.5047	0
19097	636.5380	0
19098	636.5714	0
19099	636.6047	0
19100	636.6380	0
19101	636.6714	0
19102	636.7047	0
19103	636.7380	0
19104	636.7714	0
19105	636.8047	0
19106	636.8380	0
19107	636.8714	0
19108	636.9047	0
19109	636.9380	0
19110	636.9714	0
19111	637.0047	0
19112	637.0380	0
19113	637.0714	0
19114	637.1047	0
19115	637.1380	0
19116	637.1714	0
19117	637.2047	0
19118	637.2380	0
19119	637.2714	0
19120	637.3047	0
19121	637.3380	0
19122	637.3714	0
19123	637.4047	0
19124	637.4380	0
19125	637.4714	0
19126	637.5047	0
19127	637.5380	0
19128	637.5714	0
19129	637.6047	0
19130	637.6380	0
19131	637.6714	0
19132	637.7047	0
19133	637.7380	0
19134	637.7714	0
19135	637.8047	0
19136	637.8380	0
19137	637.8714	0
19138	637.9047	0
19139	637.9380	0
19140	637.9714	0
19141	638.0047	0
19142	638.0380	0
19143	638.0714	0
19144	638.1047	0
19145	638.1380	0
19146	638.1714	0
19147	638.2047	0
19148	638.2380	0
19149	638.2714	0
19150	638.3047	0
19151	638.3380	0
19152	638.3714	0
19153	638.4047	0
19154	638.4380	0
19155	638.4714	0
19156	638.5047	0
19157	638.5380	0
19158	638.5714	0
19159	638.6047	0
19160	638.6380	0
19161	638.6714	0
19162	638.7047	0
19163	638.7380	0
19164	638.7714	0
19165	638.8047	0
19166	638.8380	0
19167	638.8714	0
19168	638.9047	0
19169	638.9380	0
19170	638.9714	0
19171	639.0047	0
19172	639.0380	0
19173	639.0714	0
19174	639.1047	0
19175	639.1380	0
19176	639.1714	0
19177	639.2047	0
19178	639.2380	0
19179	639.2714	0
19180	639.3047	0
19181	639.3380	0
19182	639.3714	0
19183	639.4047	0
19184	639.4380	0
19185	639.4714	0
19186	639.5047	0
19187	639.5380	0
19188	639.5714	0
19189	639.6047	0
19190	639.6380	0
19191	639.6714	0
19192	639.7047	0
19193	639.7380	0
19194	639.7714	0
19195	639.8047	0
19196	639.8380	0
19197	639.8714	0
19198	639.9047	0
19199	639.9381	0
19200	639.9714	0
19201	640.0047	0
19202	640.0381	0
19203	640.0714	0
19204	640.1047	0
19205	640.1381	0
19206	640.1714	0
19207	640.2047	0
19208	640.2381	0
19209	640.2714	0
19210	640.3047	0
19211	640.3381	0
19212	640.3714	0
19213	640.4047	0
19214	640.4381	0
19215	640.4714	0
19216	640.5047	0
19217	640.5381	0
19218	640.5714	0
19219	640.6047	0
19220	640.6381	0
19221	640.6714	0
19222	640.7047	0
19223	640.7381	0
19224	640.7714	0
19225	640.8047	0
19226	640.8381	0
19227	640.8714	0
19228	640.9047	0
19229	640.9381	0
19230	640.9714	0
19231	641.0047	0
19232	641.0381	0
19233	641.0714	0
19234	641.1047	0
19235	641.1381	0
19236	641.1714	0
19237	641.2047	0
19238	641.2381	0
19239	641.2714	0
19240	641.3047	0
19241	641.3381	0
19242	641.3714	0
19243	641.4047	0
19244	641.4381	0
19245	641.4714	0
19246	641.5047	0
19247	641.5381	0
19248	641.5714	0
19249	641.6047	0
19250	641.6381	0
19251	641.6714	0
19252	641.7047	0
19253	641.7381	0
19254	641.7714	1
19255	641.8047	1
19256	641.8381	1
19257	641.8714	1
19258	641.9047	1
19259	641.9381	1
19260	641.9714	1
19261	642.0047	1
19262	642.0381	1
19263	642.0714	1
19264	642.1047	1
19265	642.1381	1
19266	642.1714	1
19267	642.2047	1
19268	642.2381	1
19269	642.2714	1
19270	642.3047	1
19271	642.3381	1
19272	642.3714	1
19273	642.4047	1
19274	642.4381	1
19275	642.4714	1
19276	642.5047	1
19277	642.5381	1
19278	642.5714	1
19279	642.6047	1
19280	642.6381	1
19281	642.6714	1
19282	642.7047	1
19283	642.7381	1
19284	642.7714	1
19285	642.8047	1
19286	642.8381	1
19287	642.8714	1
19288	642.9047	1
19289	642.9381	1
19290	642.9714	1
19291	643.0047	1
19292	643.0381	1
19293	643.0714	1
19294	643.1047	1
19295	643.1381	1
19296	643.1714	1
19297	643.2047	1
19298	643.2381	0
19299	643.2714	0
19300	643.3047	0
19301	643.3381	0
19302	643.3714	0
19303	643.4047	0
19304	643.4381	0
19305	643.4714	0
19306	643.5047	0
19307	643.5381	0
19308	643.5714	0
19309	643.6047	0
19310	643.6381	0
19311	643.6714	0
19312	643.7047	0
19313	643.7381	0
19314	643.7714	0
19315	643.8047	0
19316	643.8381	0
19317	643.8714	0
19318	643.9047	0
19319	643.9381	0
19320	643.9714	0
19321	644.0047	0
19322	644.0381	0
19323	644.0714	0
19324	644.1047	0
19325	644.1381	0
19326	644.1714	0
19327	644.2047	0
19328	644.2381	0
19329	644.2714	0
19330	644.3047	0
19331	644.3381	0
19332	644.3714	0
19333	644.4047	0
19334	644.4381	0
19335	644.4714	0
19336	644.5048	0
19337	644.5381	0
19338	644.5714	0
19339	644.6048	0
19340	644.6381	0
19341	644.6714	0
19342	644.7048	0
19343	644.7381	0
19344	644.7714	0
19345	644.8048	0
19346	644.8381	0
19347	644.8714	0
19348	644.9048	0
19349	644.9381	0
19350	644.9714	0
19351	645.0048	0
19352	645.0381	0
19353	645.0714	0
19354	645.1048	1
19355	645.1381	1
19356	645.1714	1
19357	645.2048	1
19358	645.2381	1
19359	645.2714	1
19360	645.3048	1
19361	645.3381	1
19362	645.3714	1
19363	645.4048	1
19364	645.4381	1
19365	645.4714	1
19366	645.5048	1
19367	645.5381	1
19368	645.5714	1
19369	645.6048	1
19370	645.6381	1
19371	645.6714	1
19372	645.7048	1
19373	645.7381	1
19374	645.7714	1
19375	645.8048	1
19376	645.8381	1
19377	645.8714	1
19378	645.9048	1
19379	645.9381	1
19380	645.9714	1
19381	646.0048	1
19382	646.0381	1
19383	646.0714	1
19384	646.1048	1
19385	646.1381	1
19386	646.1714	1
19387	646.2048	1
19388	646.2381	1
19389	646.2714	1
19390	646.3048	1
19391	646.3381	1
19392	646.3714	1
19393	646.4048	1
19394	646.4381	1
19395	646.4714	1
19396	646.5048	1
19397	646.5381	1
19398	646.5714	1
19399	646.6048	1
19400	646.6381	1
19401	646.6714	1
19402	646.7048	1
19403	646.7381	1
19404	646.7714	1
19405	646.8048	1
19406	646.8381	1
19407	646.8714	1
19408	646.9048	1
19409	646.9381	1
19410	646.9714	1
19411	647.0048	1
19412	647.0381	1
19413	647.0714	1
19414	647.1048	1
19415	647.1381	1
19416	647.1714	1
19417	647.2048	1
19418	647.2381	1
19419	647.2714	1
19420	647.3048	1
19421	647.3381	1
19422	647.3714	1
19423	647.4048	1
19424	647.4381	1
19425	647.4714	1
19426	647.5048	1
19427	647.5381	1
19428	647.5714	1
19429	647.6048	1
19430	647.6381	1
19431	647.6714	1
19432	647.7048	1
19433	647.7381	1
19434	647.7714	1
19435	647.8048	1
19436	647.8381	1
19437	647.8714	1
19438	647.9048	1
19439	647.9381	1
19440	647.9714	1
19441	648.0048	1
19442	648.0381	1
19443	648.0714	1
19444	648.1048	1
19445	648.1381	1
19446	648.1714	1
19447	648.2048	1
19448	648.2381	1
19449	648.2714	1
19450	648.3048	1
19451	648.3381	1
19452	648.3714	1
19453	648.4048	1
19454	648.4381	1
19455	648.4714	1
19456	648.5048	1
19457	648.5381	1
19458	648.5714	1
19459	648.6048	1
19460	648.6381	1
19461	648.6714	1
19462	648.7048	1
19463	648.7381	1
19464	648.7714	1
19465	648.8048	1
19466	648.8381	1
19467	648.8714	1
19468	648.9048	1
19469	648.9381	1
19470	648.9715	1
19471	649.0048	1
19472	649.0381	1
19473	649.0715	1
19474	649.1048	1
19475	649.1381	1
19476	649.1715	1
19477	649.2048	1
19478	649.2381	1
19479	649.2715	0
19480	649.3048	0
19481	649.3381	0
19482	649.3715	0
19483	649.4048	0
19484	649.4381	0
19485	649.4715	0
19486	649.5048	0
19487	649.5381	0
19488	649.5715	0
19489	649.6048	0
19490	649.6381	0
19491	649.6715	0
19492	649.7048	0
19493	649.7381	0
19494	649.7715	0
19495	649.8048	0
19496	649.8381	0
19497	649.8715	0
19498	649.9048	0
19499	649.9381	0
19500	649.9715	0
19501	650.0048	0
19502	650.0381	0
19503	650.0715	0
19504	650.1048	0
19505	650.1381	0
19506	650.1715	0
19507	650.2048	0
19508	650.2381	0
19509	650.2715	0
19510	650.3048	0
19511	650.3381	0
19512	650.3715	0
19513	650.4048	0
19514	650.4381	0
19515	650.4715	0
19516	650.5048	0
19517	650.5381	0
19518	650.5715	0
19519	650.6048	0
19520	650.6381	0
19521	650.6715	0
19522	650.7048	0
19523	650.7381	0
19524	650.7715	0
19525	650.8048	0
19526	650.8381	0
19527	650.8715	0
19528	650.9048	0
19529	650.9381	0
19530	650.9715	0
19531	651.0048	0
19532	651.0381	0
19533	651.0715	0
19534	651.1048	0
19535	651.1381	0
19536	651.1715	0
19537	651.2048	0
19538	651.2381	0
19539	651.2715	0
19540	651.3048	0
19541	651.3381	0
19542	651.3715	0
19543	651.4048	0
19544	651.4381	0
19545	651.4715	0
19546	651.5048	0
19547	651.5381	0
19548	651.5715	0
19549	651.6048	0
19550	651.6381	0
19551	651.6715	0
19552	651.7048	0
19553	651.7381	0
19554	651.7715	0
19555	651.8048	0
19556	651.8381	0
19557	651.8715	0
19558	651.9048	0
19559	651.9381	0
19560	651.9715	0
19561	652.0048	0
19562	652.0381	0
19563	652.0715	0
19564	652.1048	0
19565	652.1381	0
19566	652.1715	0
19567	652.2048	0
19568	652.2381	0
19569	652.2715	0
19570	652.3048	0
19571	652.3381	0
19572	652.3715	0
19573	652.4048	0
19574	652.4381	0
19575	652.4715	0
19576	652.5048	0
19577	652.5381	0
19578	652.5715	0
19579	652.6048	0
19580	652.6381	0
19581	652.6715	0
19582	652.7048	0
19583	652.7381	0
19584	652.7715	0
19585	652.8048	0
19586	652.8381	0
19587	652.8715	0
19588	652.9048	0
19589	652.9381	0
19590	652.9715	0
19591	653.0048	0
19592	653.0381	0
19593	653.0715	0
19594	653.1048	0
19595	653.1381	0
19596	653.1715	0
19597	653.2048	0
19598	653.2381	0
19599	653.2715	0
19600	653.3048	0
19601	653.3381	0
19602	653.3715	0
19603	653.4048	0
19604	653.4381	0
19605	653.4715	0
19606	653.5048	0
19607	653.5382	0
19608	653.5715	0
19609	653.6048	0
19610	653.6382	0
19611	653.6715	0
19612	653.7048	0
19613	653.7382	0
19614	653.7715	0
19615	653.8048	0
19616	653.8382	0
19617	653.8715	0
19618	653.9048	0
19619	653.9382	0
19620	653.9715	0
19621	654.0048	0
19622	654.0382	0
19623	654.0715	0
19624	654.1048	0
19625	654.1382	0
19626	654.1715	0
19627	654.2048	0
19628	654.2382	0
19629	654.2715	0
19630	654.3048	0
19631	654.3382	0
19632	654.3715	0
19633	654.4048	0
19634	654.4382	0
19635	654.4715	0
19636	654.5048	0
19637	654.5382	0
19638	654.5715	0
19639	654.6048	0
19640	654.6382	0
19641	654.6715	0
19642	654.7048	0
19643	654.7382	0
19644	654.7715	0
19645	654.8048	0
19646	654.8382	0
19647	654.8715	0
19648	654.9048	0
19649	654.9382	0
19650	654.9715	0
19651	655.0048	0
19652	655.0382	0
19653	655.0715	0
19654	655.1048	0
19655	655.1382	0
19656	655.1715	1
19657	655.2048	1
19658	655.2382	1
19659	655.2715	1
19660	655.3048	1
19661	655.3382	1
19662	655.3715	1
19663	655.4048	1
19664	655.4382	1
19665	655.4715	1
19666	655.5048	1
19667	655.5382	0
19668	655.5715	0
19669	655.6048	0
19670	655.6382	0
19671	655.6715	0
19672	655.7048	0
19673	655.7382	0
19674	655.7715	0
19675	655.8048	0
19676	655.8382	0
19677	655.8715	0
19678	655.9048	0
19679	655.9382	0
19680	655.9715	0
19681	656.0048	0
19682	656.0382	0
19683	656.0715	0
19684	656.1048	0
19685	656.1382	0
19686	656.1715	0
19687	656.2048	0
19688	656.2382	0
19689	656.2715	0
19690	656.3048	0
19691	656.3382	0
19692	656.3715	0
19693	656.4048	0
19694	656.4382	0
19695	656.4715	1
19696	656.5048	1
19697	656.5382	1
19698	656.5715	1
19699	656.6048	1
19700	656.6382	1
19701	656.6715	1
19702	656.7048	1
19703	656.7382	1
19704	656.7715	1
19705	656.8048	1
19706	656.8382	1
19707	656.8715	1
19708	656.9048	1
19709	656.9382	1
19710	656.9715	1
19711	657.0048	1
19712	657.0382	1
19713	657.0715	1
19714	657.1048	1
19715	657.1382	1
19716	657.1715	1
19717	657.2048	1
19718	657.2382	1
19719	657.2715	1
19720	657.3048	1
19721	657.3382	1
19722	657.3715	1
19723	657.4048	1
19724	657.4382	1
19725	657.4715	1
19726	657.5048	1
19727	657.5382	1
19728	657.5715	1
19729	657.6048	1
19730	657.6382	1
19731	657.6715	1
19732	657.7048	1
19733	657.7382	1
19734	657.7715	1
19735	657.8048	1
19736	657.8382	1
19737	657.8715	1
19738	657.9048	1
19739	657.9382	1
19740	657.9715	0
19741	658.0049	0
19742	658.0382	0
19743	658.0715	0
19744	658.1049	0
19745	658.1382	0
19746	658.1715	0
19747	658.2049	0
19748	658.2382	0
19749	658.2715	0
19750	658.3049	0
19751	658.3382	0
19752	658.3715	0
19753	658.4049	0
19754	658.4382	0
19755	658.4715	0
19756	658.5049	0
19757	658.5382	0
19758	658.5715	0
19759	658.6049	0
19760	658.6382	0
19761	658.6715	1
19762	658.7049	1
19763	658.7382	1
19764	658.7715	1
19765	658.8049	1
19766	658.8382	1
19767	658.8715	1
19768	658.9049	1
19769	658.9382	1
19770	658.9715	1
19771	659.0049	1
19772	659.0382	1
19773	659.0715	1
19774	659.1049	1
19775	659.1382	1
19776	659.1715	1
19777	659.2049	1
19778	659.2382	1
19779	659.2715	1
19780	659.3049	1
19781	659.3382	1
19782	659.3715	1
19783	659.4049	1
19784	659.4382	1
19785	659.4715	1
19786	659.5049	1
19787	659.5382	1
19788	659.5715	1
19789	659.6049	1
19790	659.6382	1
19791	659.6715	1
19792	659.7049	1
19793	659.7382	1
19794	659.7715	1
19795	659.8049	1
19796	659.8382	1
19797	659.8715	1
19798	659.9049	1
19799	659.9382	1
19800	659.9715	1
19801	660.0049	1
19802	660.0382	1
19803	660.0715	1
19804	660.1049	1
19805	660.1382	0
19806	660.1715	0
19807	660.2049	0
19808	660.2382	0
19809	660.2715	0
19810	660.3049	0
19811	660.3382	0
19812	660.3715	0
19813	660.4049	0
19814	660.4382	0
19815	660.4715	0
19816	660.5049	0
19817	660.5382	0
19818	660.5715	0
19819	660.6049	0
19820	660.6382	0
19821	660.6715	0
19822	660.7049	0
19823	660.7382	0
19824	660.7715	0
19825	660.8049	0
19826	660.8382	0
19827	660.8715	0
19828	660.9049	0
19829	660.9382	0
19830	660.9715	0
19831	661.0049	0
19832	661.0382	0
19833	661.0715	0
19834	661.1049	0
19835	661.1382	0
19836	661.1715	0
19837	661.2049	0
19838	661.2382	0
19839	661.2715	0
19840	661.3049	0
19841	661.3382	0
19842	661.3715	0
19843	661.4049	0
19844	661.4382	0
19845	661.4715	0
19846	661.5049	0
19847	661.5382	0
19848	661.5715	0
19849	661.6049	0
19850	661.6382	0
19851	661.6715	0
19852	661.7049	0
19853	661.7382	0
19854	661.7715	0
19855	661.8049	0
19856	661.8382	0
19857	661.8715	0
19858	661.9049	0
19859	661.9382	0
19860	661.9715	0
19861	662.0049	0
19862	662.0382	0
19863	662.0715	0
19864	662.1049	0
19865	662.1382	0
19866	662.1715	0
19867	662.2049	0
19868	662.2382	0
19869	662.2715	0
19870	662.3049	0
19871	662.3382	0
19872	662.3715	0
19873	662.4049	0
19874	662.4382	0
19875	662.4715	0
19876	662.5049	0
19877	662.5382	0
19878	662.5716	0
19879	662.6049	0
19880	662.6382	0
19881	662.6716	0
19882	662.7049	0
19883	662.7382	0
19884	662.7716	0
19885	662.8049	0
19886	662.8382	0
19887	662.8716	0
19888	662.9049	0
19889	662.9382	0
19890	662.9716	0
19891	663.0049	0
19892	663.0382	0
19893	663.0716	0
19894	663.1049	0
19895	663.1382	0
19896	663.1716	0
19897	663.2049	1
19898	663.2382	1
19899	663.2716	1
19900	663.3049	1
19901	663.3382	1
19902	663.3716	1
19903	663.4049	1
19904	663.4382	1
19905	663.4716	1
19906	663.5049	1
19907	663.5382	1
19908	663.5716	1
19909	663.6049	1
19910	663.6382	1
19911	663.6716	1
19912	663.7049	1
19913	663.7382	1
19914	663.7716	1
19915	663.8049	1
19916	663.8382	1
19917	663.8716	1
19918	663.9049	1
19919	663.9382	1
19920	663.9716	1
19921	664.0049	1
19922	664.0382	1
19923	664.0716	1
19924	664.1049	1
19925	664.1382	1
19926	664.1716	1
19927	664.2049	1
19928	664.2382	1
19929	664.2716	1
19930	664.3049	1
19931	664.3382	1
19932	664.3716	1
19933	664.4049	1
19934	664.4382	1
19935	664.4716	1
19936	664.5049	1
19937	664.5382	1
19938	664.5716	1
19939	664.6049	1
19940	664.6382	1
19941	664.6716	1
19942	664.7049	1
19943	664.7382	1
19944	664.7716	1
19945	664.8049	1
19946	664.8382	1
19947	664.8716	1
19948	664.9049	1
19949	664.9382	1
19950	664.9716	1
19951	665.0049	1
19952	665.0382	1
19953	665.0716	1
19954	665.1049	1
19955	665.1382	1
19956	665.1716	1
19957	665.2049	1
19958	665.2382	1
19959	665.2716	1
19960	665.3049	1
19961	665.3382	1
19962	665.3716	0
19963	665.4049	0
19964	665.4382	0
19965	665.4716	0
19966	665.5049	0
19967	665.5382	0
19968	665.5716	0
19969	665.6049	0
19970	665.6382	0
19971	665.6716	0
19972	665.7049	0
19973	665.7382	0
19974	665.7716	0
19975	665.8049	0
19976	665.8382	0
19977	665.8716	0
19978	665.9049	0
19979	665.9382	0
19980	665.9716	0
19981	666.0049	0
19982	666.0382	0
19983	666.0716	0
19984	666.1049	0
19985	666.1382	0
19986	666.1716	0
19987	666.2049	0
19988	666.2382	0
19989	666.2716	0
19990	666.3049	0
19991	666.3382	0
19992	666.3716	0
19993	666.4049	0
19994	666.4382	0
19995	666.4716	0
19996	666.5049	0
19997	666.5382	0
19998	666.5716	0
19999	666.6049	0
20000	666.6382	0
20001	666.6716	0
20002	666.7049	0
20003	666.7382	0
20004	666.7716	0
20005	666.8049	0
20006	666.8382	0
20007	666.8716	0
20008	666.9049	0
20009	666.9382	0
20010	666.9716	0
20011	667.0049	0
20012	667.0382	0
20013	667.0716	0
20014	667.1049	0
20015	667.1383	0
20016	667.1716	0
20017	667.2049	0
20018	667.2383	0
20019	667.2716	0
20020	667.3049	0
20021	667.3383	0
20022	667.3716	0
20023	667.4049	0
20024	667.4383	0
20025	667.4716	0
20026	667.5049	0
20027	667.5383	0
20028	667.5716	0
20029	667.6049	0
20030	667.6383	0
20031	667.6716	0
20032	667.7049	0
20033	667.7383	0
20034	667.7716	0
20035	667.8049	0
20036	667.8383	0
20037	667.8716	0
20038	667.9049	0
20039	667.9383	0
20040	667.9716	0
20041	668.0049	0
20042	668.0383	0
20043	668.0716	0
20044	668.1049	0
20045	668.1383	1
20046	668.1716	1
20047	668.2049	1
20048	668.2383	1
20049	668.2716	1
20050	668.3049	1
20051	668.3383	1
20052	668.3716	1
20053	668.4049	1
20054	668.4383	1
20055	668.4716	1
20056	668.5049	1
20057	668.5383	1
20058	668.5716	1
20059	668.6049	1
20060	668.6383	1
20061	668.6716	1
20062	668.7049	1
20063	668.7383	1
20064	668.7716	1
20065	668.8049	1
20066	668.8383	1
20067	668.8716	1
20068	668.9049	1
20069	668.9383	1
20070	668.9716	1
20071	669.0049	1
20072	669.0383	1
20073	669.0716	1
20074	669.1049	1
20075	669.1383	1
20076	669.1716	1
20077	669.2049	1
20078	669.2383	1
20079	669.2716	1
20080	669.3049	1
20081	669.3383	1
20082	669.3716	1
20083	669.4049	1
20084	669.4383	1
20085	669.4716	1
20086	669.5049	1
20087	669.5383	1
20088	669.5716	1
20089	669.6049	1
20090	669.6383	1
20091	669.6716	1
20092	669.7049	1
20093	669.7383	1
20094	669.7716	1
20095	669.8049	1
20096	669.8383	1
20097	669.8716	1
20098	669.9049	1
20099	669.9383	0
20100	669.9716	0
20101	670.0049	0
20102	670.0383	0
20103	670.0716	0
20104	670.1049	0
20105	670.1383	0
20106	670.1716	0
20107	670.2049	0
20108	670.2383	0
20109	670.2716	0
20110	670.3049	0
20111	670.3383	0
20112	670.3716	0
20113	670.4049	0
20114	670.4383	0
20115	670.4716	0
20116	670.5049	0
20117	670.5383	0
20118	670.5716	0
20119	670.6049	0
20120	670.6383	0
20121	670.6716	0
20122	670.7049	0
20123	670.7383	0
20124	670.7716	0
20125	670.8049	0
20126	670.8383	0
20127	670.8716	0
20128	670.9049	0
20129	670.9383	0
20130	670.9716	0
20131	671.0049	0
20132	671.0383	0
20133	671.0716	0
20134	671.1049	0
20135	671.1383	0
20136	671.1716	0
20137	671.2049	0
20138	671.2383	0
20139	671.2716	0
20140	671.3049	0
20141	671.3383	0
20142	671.3716	0
20143	671.4049	1
20144	671.4383	1
20145	671.4716	1
20146	671.5049	1
20147	671.5383	1
20148	671.5716	1
20149	671.6050	1
20150	671.6383	1
20151	671.6716	1
20152	671.7050	1
20153	671.7383	1
20154	671.7716	1
20155	671.8050	1
20156	671.8383	1
20157	671.8716	1
20158	671.9050	1
20159	671.9383	1
20160	671.9716	1
20161	672.0050	1
20162	672.0383	1
20163	672.0716	1
20164	672.1050	1
20165	672.1383	1
20166	672.1716	1
20167	672.2050	1
20168	672.2383	1
20169	672.2716	1
20170	672.3050	1
20171	672.3383	1
20172	672.3716	1
20173	672.4050	1
20174	672.4383	1
20175	672.4716	1
20176	672.5050	1
20177	672.5383	1
20178	672.5716	1
20179	672.6050	1
20180	672.6383	1
20181	672.6716	1
20182	672.7050	1
20183	672.7383	1
20184	672.7716	1
20185	672.8050	1
20186	672.8383	1
20187	672.8716	1
20188	672.9050	1
20189	672.9383	1
20190	672.9716	1
20191	673.0050	1
20192	673.0383	1
20193	673.0716	1
20194	673.1050	1
20195	673.1383	1
20196	673.1716	1
20197	673.2050	1
20198	673.2383	1
20199	673.2716	1
20200	673.3050	1
20201	673.3383	1
20202	673.3716	1
20203	673.4050	1
20204	673.4383	1
20205	673.4716	1
20206	673.5050	1
20207	673.5383	1
20208	673.5716	1
20209	673.6050	1
20210	673.6383	1
20211	673.6716	1
20212	673.7050	1
20213	673.7383	1
20214	673.7716	1
20215	673.8050	1
20216	673.8383	1
20217	673.8716	1
20218	673.9050	1
20219	673.9383	1
20220	673.9716	0
20221	674.0050	0
20222	674.0383	0
20223	674.0716	0
20224	674.1050	0
20225	674.1383	0
20226	674.1716	0
20227	674.2050	0
20228	674.2383	0
20229	674.2716	0
20230	674.3050	0
20231	674.3383	0
20232	674.3716	0
20233	674.4050	0
20234	674.4383	0
20235	674.4716	0
20236	674.5050	0
20237	674.5383	0
20238	674.5716	0
20239	674.6050	0
20240	674.6383	0
20241	674.6716	0
20242	674.7050	0
20243	674.7383	0
20244	674.7716	0
20245	674.8050	0
20246	674.8383	0
20247	674.8716	0
20248	674.9050	0
20249	674.9383	0
20250	674.9716	0
20251	675.0050	0
20252	675.0383	0
20253	675.0716	0
20254	675.1050	0
20255	675.1383	0
20256	675.1716	0
20257	675.2050	0
20258	675.2383	0
20259	675.2716	0
20260	675.3050	0
20261	675.3383	0
20262	675.3716	0
20263	675.4050	0
20264	675.4383	0
20265	675.4716	0
20266	675.5050	0
20267	675.5383	0
20268	675.5716	0
20269	675.6050	0
20270	675.6383	0
20271	675.6716	0
20272	675.7050	0
20273	675.7383	0
20274	675.7716	0
20275	675.8050	0
20276	675.8383	0
20277	675.8716	0
20278	675.9050	0
20279	675.9383	0
20280	675.9716	0
20281	676.0050	0
20282	676.0383	0
20283	676.0716	0
20284	676.1050	0
20285	676.1383	0
20286	676.1717	0
20287	676.2050	0
20288	676.2383	0
20289	676.2717	0
20290	676.3050	0
20291	676.3383	0
20292	676.3717	0
20293	676.4050	0
20294	676.4383	0
20295	676.4717	0
20296	676.5050	0
20297	676.5383	0
20298	676.5717	0
20299	676.6050	0
20300	676.6383	0
20301	676.6717	0
20302	676.7050	0
20303	676.7383	0
20304	676.7717	0
20305	676.8050	0
20306	676.8383	0
20307	676.8717	0
20308	676.9050	0
20309	676.9383	0
20310	676.9717	0
20311	677.0050	0
20312	677.0383	0
20313	677.0717	0
20314	677.1050	0
20315	677.1383	0
20316	677.1717	0
20317	677.2050	0
20318	677.2383	0
20319	677.2717	0
20320	677.3050	0
20321	677.3383	0
20322	677.3717	0
20323	677.4050	0
20324	677.4383	0
20325	677.4717	0
20326	677.5050	0
20327	677.5383	0
20328	677.5717	0
20329	677.6050	0
20330	677.6383	0
20331	677.6717	0
20332	677.7050	0
20333	677.7383	0
20334	677.7717	0
20335	677.8050	0
20336	677.8383	0
20337	677.8717	0
20338	677.9050	0
20339	677.9383	0
20340	677.9717	0
20341	678.0050	0
20342	678.0383	0
20343	678.0717	0
20344	678.1050	0
20345	678.1383	0
20346	678.1717	0
20347	678.2050	0
20348	678.2383	0
20349	678.2717	0
20350	678.3050	1
20351	678.3383	1
20352	678.3717	1
20353	678.4050	1
20354	678.4383	1
20355	678.4717	1
20356	678.5050	1
20357	678.5383	1
20358	678.5717	1
20359	678.6050	1
20360	678.6383	1
20361	678.6717	1
20362	678.7050	1
20363	678.7383	1
20364	678.7717	1
20365	678.8050	1
20366	678.8383	1
20367	678.8717	1
20368	678.9050	1
20369	678.9383	1
20370	678.9717	1
20371	679.0050	1
20372	679.0383	1
20373	679.0717	1
20374	679.1050	1
20375	679.1383	1
20376	679.1717	1
20377	679.2050	1
20378	679.2383	1
20379	679.2717	1
20380	679.3050	1
20381	679.3383	1
20382	679.3717	1
20383	679.4050	1
20384	679.4383	1
20385	679.4717	1
20386	679.5050	1
20387	679.5383	1
20388	679.5717	1
20389	679.6050	1
20390	679.6383	1
20391	679.6717	1
20392	679.7050	1
20393	679.7383	1
20394	679.7717	1
20395	679.8050	1
20396	679.8383	1
20397	679.8717	1
20398	679.9050	1
20399	679.9383	1
20400	679.9717	1
20401	680.0050	1
20402	680.0383	1
20403	680.0717	1
20404	680.1050	1
20405	680.1383	1
20406	680.1717	1
20407	680.2050	1
20408	680.2383	1
20409	680.2717	1
20410	680.3050	1
20411	680.3383	1
20412	680.3717	1
20413	680.4050	1
20414	680.4383	1
20415	680.4717	1
20416	680.5050	1
20417	680.5383	1
20418	680.5717	1
20419	680.6050	1
20420	680.6384	1
20421	680.6717	1
20422	680.7050	1
20423	680.7384	1
20424	680.7717	1
20425	680.8050	1
20426	680.8384	1
20427	680.8717	1
20428	680.9050	1
20429	680.9384	1
20430	680.9717	1
20431	681.0050	1
20432	681.0384	1
20433	681.0717	0
20434	681.1050	0
20435	681.1384	0
20436	681.1717	0
20437	681.2050	0
20438	681.2384	0
20439	681.2717	0
20440	681.3050	0
20441	681.3384	0
20442	681.3717	0
20443	681.4050	0
20444	681.4384	0
20445	681.4717	0
20446	681.5050	0
20447	681.5384	0
20448	681.5717	0
20449	681.6050	0
20450	681.6384	0
20451	681.6717	0
20452	681.7050	0
20453	681.7384	0
20454	681.7717	0
20455	681.8050	0
20456	681.8384	0
20457	681.8717	0
20458	681.9050	0
20459	681.9384	0
20460	681.9717	0
20461	682.0050	0
20462	682.0384	0
20463	682.0717	0
20464	682.1050	0
20465	682.1384	0
20466	682.1717	0
20467	682.2050	0
20468	682.2384	0
20469	682.2717	0
20470	682.3050	0
20471	682.3384	0
20472	682.3717	0
20473	682.4050	0
20474	682.4384	0
20475	682.4717	0
20476	682.5050	0
20477	682.5384	0
20478	682.5717	0
20479	682.6050	0
20480	682.6384	0
20481	682.6717	0
20482	682.7050	0
20483	682.7384	0
20484	682.7717	0
20485	682.8050	0
20486	682.8384	0
20487	682.8717	0
20488	682.9050	0
20489	682.9384	0
20490	682.9717	0
20491	683.0050	0
20492	683.0384	0
20493	683.0717	0
20494	683.1050	0
20495	683.1384	0
20496	683.1717	0
20497	683.2050	0
20498	683.2384	0
20499	683.2717	0
20500	683.3050	0
20501	683.3384	0
20502	683.3717	0
20503	683.4050	0
20504	683.4384	0
20505	683.4717	0
20506	683.5050	0
20507	683.5384	0
20508	683.5717	0
20509	683.6050	0
20510	683.6384	0
20511	683.6717	0
20512	683.7050	0
20513	683.7384	0
20514	683.7717	0
20515	683.8050	0
20516	683.8384	0
20517	683.8717	0
20518	683.9050	0
20519	683.9384	0
20520	683.9717	0
20521	684.0050	0
20522	684.0384	0
20523	684.0717	0
20524	684.1050	0
20525	684.1384	0
20526	684.1717	0
20527	684.2050	0
20528	684.2384	0
20529	684.2717	0
20530	684.3050	0
20531	684.3384	0
20532	684.3717	0
20533	684.4050	0
20534	684.4384	0
20535	684.4717	0
20536	684.5050	0
20537	684.5384	0
20538	684.5717	0
20539	684.6050	0
20540	684.6384	0
20541	684.6717	0
20542	684.7050	0
20543	684.7384	0
20544	684.7717	0
20545	684.8050	0
20546	684.8384	0
20547	684.8717	0
20548	684.9050	0
20549	684.9384	0
20550	684.9717	0
20551	685.0050	0
20552	685.0384	0
20553	685.0717	0
20554	685.1050	0
20555	685.1384	0
20556	685.1717	0
20557	685.2051	0
20558	685.2384	0
20559	685.2717	0
20560	685.3051	0
20561	685.3384	0
20562	685.3717	0
20563	685.4051	0
20564	685.4384	0
20565	685.4717	0
20566	685.5051	0
20567	685.5384	0
20568	685.5717	0
20569	685.6051	0
20570	685.6384	0
20571	685.6717	0
20572	685.7051	0
20573	685.7384	0
20574	685.7717	0
20575	685.8051	0
20576	685.8384	0
20577	685.8717	0
20578	685.9051	0
20579	685.9384	0
20580	685.9717	0
20581	686.0051	0
20582	686.0384	0
20583	686.0717	0
20584	686.1051	0
20585	686.1384	0
20586	686.1717	0
20587	686.2051	0
20588	686.2384	0
20589	686.2717	0
20590	686.3051	0
20591	686.3384	0
20592	686.3717	0
20593	686.4051	0
20594	686.4384	0
20595	686.4717	0
20596	686.5051	0
20597	686.5384	0
20598	686.5717	0
20599	686.6051	0
20600	686.6384	0
20601	686.6717	0
20602	686.7051	0
20603	686.7384	0
20604	686.7717	0
20605	686.8051	0
20606	686.8384	0
20607	686.8717	0
20608	686.9051	0
20609	686.9384	0
20610	686.9717	0
20611	687.0051	0
20612	687.0384	0
20613	687.0717	0
20614	687.1051	0
20615	687.1384	0
20616	687.1717	0
20617	687.2051	0
20618	687.2384	0
20619	687.2717	0
20620	687.3051	0
20621	687.3384	0
20622	687.3717	0
20623	687.4051	0
20624	687.4384	0
20625	687.4717	0
20626	687.5051	0
20627	687.5384	0
20628	687.5717	0
20629	687.6051	0
20630	687.6384	0
20631	687.6717	0
20632	687.7051	0
20633	687.7384	0
20634	687.7717	0
20635	687.8051	0
20636	687.8384	0
20637	687.8717	0
20638	687.9051	0
20639	687.9384	0
20640	687.9717	0
20641	688.0051	0
20642	688.0384	0
20643	688.0717	0
20644	688.1051	0
20645	688.1384	0
20646	688.1717	0
20647	688.2051	0
20648	688.2384	0
20649	688.2717	0
20650	688.3051	0
20651	688.3384	0
20652	688.3717	0
20653	688.4051	0
20654	688.4384	0
20655	688.4717	0
20656	688.5051	0
20657	688.5384	0
20658	688.5717	0
20659	688.6051	0
20660	688.6384	0
20661	688.6717	0
20662	688.7051	0
20663	688.7384	0
20664	688.7717	0
20665	688.8051	0
20666	688.8384	0
20667	688.8717	0
20668	688.9051	0
20669	688.9384	0
20670	688.9717	0
20671	689.0051	0
20672	689.0384	0
20673	689.0717	0
20674	689.1051	0
20675	689.1384	0
20676	689.1717	0
20677	689.2051	0
20678	689.2384	0
20679	689.2717	0
20680	689.3051	0
20681	689.3384	0
20682	689.3717	0
20683	689.4051	0
20684	689.4384	0
20685	689.4717	0
20686	689.5051	0
20687	689.5384	0
20688	689.5717	0
20689	689.6051	0
20690	689.6384	0
20691	689.6718	0
20692	689.7051	0
20693	689.7384	0
20694	689.7718	0
20695	689.8051	0
20696	689.8384	0
20697	689.8718	0
20698	689.9051	0
20699	689.9384	0
20700	689.9718	0
20701	690.0051	0
20702	690.0384	0
20703	690.0718	0
20704	690.1051	0
20705	690.1384	0
20706	690.1718	0
20707	690.2051	0
20708	690.2384	0
20709	690.2718	0
20710	690.3051	0
20711	690.3384	0
20712	690.3718	1
20713	690.4051	1
20714	690.4384	1
20715	690.4718	1
20716	690.5051	1
20717	690.5384	1
20718	690.5718	1
20719	690.6051	1
20720	690.6384	1
20721	690.6718	1
20722	690.7051	1
20723	690.7384	1
20724	690.7718	1
20725	690.8051	1
20726	690.8384	1
20727	690.8718	1
20728	690.9051	1
20729	690.9384	1
20730	690.9718	1
20731	691.0051	1
20732	691.0384	1
20733	691.0718	1
20734	691.1051	1
20735	691.1384	1
20736	691.1718	1
20737	691.2051	1
20738	691.2384	1
20739	691.2718	1
20740	691.3051	1
20741	691.3384	1
20742	691.3718	1
20743	691.4051	1
20744	691.4384	1
20745	691.4718	1
20746	691.5051	1
20747	691.5384	1
20748	691.5718	1
20749	691.6051	1
20750	691.6384	1
20751	691.6718	1
20752	691.7051	1
20753	691.7384	1
20754	691.7718	1
20755	691.8051	1
20756	691.8384	1
20757	691.8718	1
20758	691.9051	1
20759	691.9384	1
20760	691.9718	1
20761	692.0051	1
20762	692.0384	1
20763	692.0718	1
20764	692.1051	1
20765	692.1384	1
20766	692.1718	1
20767	692.2051	1
20768	692.2384	1
20769	692.2718	1
20770	692.3051	1
20771	692.3384	1
20772	692.3718	1
20773	692.4051	1
20774	692.4384	1
20775	692.4718	1
20776	692.5051	1
20777	692.5384	1
20778	692.5718	1
20779	692.6051	1
20780	692.6384	1
20781	692.6718	1
20782	692.7051	1
20783	692.7384	0
20784	692.7718	0
20785	692.8051	0
20786	692.8384	0
20787	692.8718	0
20788	692.9051	0
20789	692.9384	0
20790	692.9718	0
20791	693.0051	0
20792	693.0384	0
20793	693.0718	0
20794	693.1051	0
20795	693.1384	0
20796	693.1718	0
20797	693.2051	0
20798	693.2384	0
20799	693.2718	0
20800	693.3051	0
20801	693.3384	0
20802	693.3718	0
20803	693.4051	0
20804	693.4384	0
20805	693.4718	0
20806	693.5051	0
20807	693.5384	0
20808	693.5718	0
20809	693.6051	0
20810	693.6384	0
20811	693.6718	0
20812	693.7051	0
20813	693.7384	0
20814	693.7718	0
20815	693.8051	0
20816	693.8384	0
20817	693.8718	0
20818	693.9051	0
20819	693.9384	0
20820	693.9718	0
20821	694.0051	0
20822	694.0384	0
20823	694.0718	0
20824	694.1051	0
20825	694.1384	0
20826	694.1718	0
20827	694.2051	0
20828	694.2385	0
20829	694.2718	0
20830	694.3051	0
20831	694.3385	0
20832	694.3718	0
20833	694.4051	0
20834	694.4385	0
20835	694.4718	0
20836	694.5051	0
20837	694.5385	0
20838	694.5718	0
20839	694.6051	0
20840	694.6385	0
20841	694.6718	0
20842	694.7051	0
20843	694.7385	0
20844	694.7718	0
20845	694.8051	0
20846	694.8385	0
20847	694.8718	0
20848	694.9051	0
20849	694.9385	0
20850	694.9718	0
20851	695.0051	0
20852	695.0385	0
20853	695.0718	0
20854	695.1051	0
20855	695.1385	0
20856	695.1718	0
20857	695.2051	0
20858	695.2385	0
20859	695.2718	0
20860	695.3051	0
20861	695.3385	0
20862	695.3718	0
20863	695.4051	0
20864	695.4385	0
20865	695.4718	0
20866	695.5051	0
20867	695.5385	0
20868	695.5718	0
20869	695.6051	0
20870	695.6385	0
20871	695.6718	0
20872	695.7051	0
20873	695.7385	0
20874	695.7718	0
20875	695.8051	0
20876	695.8385	0
20877	695.8718	0
20878	695.9051	0
20879	695.9385	0
20880	695.9718	0
20881	696.0051	0
20882	696.0385	0
20883	696.0718	0
20884	696.1051	0
20885	696.1385	0
20886	696.1718	0
20887	696.2051	0
20888	696.2385	0
20889	696.2718	0
20890	696.3051	0
20891	696.3385	0
20892	696.3718	0
20893	696.4051	0
20894	696.4385	0
20895	696.4718	0
20896	696.5051	0
20897	696.5385	0
20898	696.5718	0
20899	696.6051	0
20900	696.6385	0
20901	696.6718	0
20902	696.7051	0
20903	696.7385	0
20904	696.7718	0
20905	696.8051	0
20906	696.8385	0
20907	696.8718	1
20908	696.9051	1
20909	696.9385	1
20910	696.9718	1
20911	697.0051	1
20912	697.0385	1
20913	697.0718	1
20914	697.1051	1
20915	697.1385	1
20916	697.1718	1
20917	697.2051	1
20918	697.2385	1
20919	697.2718	1
20920	697.3051	1
20921	697.3385	1
20922	697.3718	1
20923	697.4051	1
20924	697.4385	1
20925	697.4718	1
20926	697.5051	1
20927	697.5385	1
20928	697.5718	1
20929	697.6051	1
20930	697.6385	1
20931	697.6718	1
20932	697.7051	1
20933	697.7385	1
20934	697.7718	1
20935	697.8051	1
20936	697.8385	1
20937	697.8718	1
20938	697.9051	1
20939	697.9385	1
20940	697.9718	1
20941	698.0051	1
20942	698.0385	1
20943	698.0718	1
20944	698.1051	1
20945	698.1385	1
20946	698.1718	1
20947	698.2051	1
20948	698.2385	1
20949	698.2718	1
20950	698.3051	1
20951	698.3385	1
20952	698.3718	1
20953	698.4051	1
20954	698.4385	1
20955	698.4718	1
20956	698.5051	1
20957	698.5385	1
20958	698.5718	1
20959	698.6051	1
20960	698.6385	1
20961	698.6718	1
20962	698.7052	1
20963	698.7385	1
20964	698.7718	1
20965	698.8052	1
20966	698.8385	1
20967	698.8718	1
20968	698.9052	1
20969	698.9385	1
20970	698.9718	1
20971	699.0052	1
20972	699.0385	1
20973	699.0718	1
20974	699.1052	1
20975	699.1385	1
20976	699.1718	1
20977	699.2052	1
20978	699.2385	1
20979	699.2718	1
20980	699.3052	1
20981	699.3385	1
20982	699.3718	1
20983	699.4052	1
20984	699.4385	1
20985	699.4718	1
20986	699.5052	1
20987	699.5385	1
20988	699.5718	1
20989	699.6052	1
20990	699.6385	1
20991	699.6718	1
20992	699.7052	1
20993	699.7385	1
20994	699.7718	1
20995	699.8052	1
20996	699.8385	1
20997	699.8718	1
20998	699.9052	1
20999	699.9385	1
21000	699.9718	1
21001	700.0052	1
21002	700.0385	1
21003	700.0718	1
21004	700.1052	1
21005	700.1385	1
21006	700.1718	1
21007	700.2052	1
21008	700.2385	1
21009	700.2718	1
21010	700.3052	1
21011	700.3385	1
21012	700.3718	1
21013	700.4052	1
21014	700.4385	1
21015	700.4718	1
21016	700.5052	1
21017	700.5385	1
21018	700.5718	1
21019	700.6052	1
21020	700.6385	1
21021	700.6718	1
21022	700.7052	1
21023	700.7385	1
21024	700.7718	1
21025	700.8052	1
21026	700.8385	1
21027	700.8718	1
21028	700.9052	1
21029	700.9385	1
21030	700.9718	1
21031	701.0052	1
21032	701.0385	1
21033	701.0718	1
21034	701.1052	1
21035	701.1385	1
21036	701.1718	1
21037	701.2052	1
21038	701.2385	1
21039	701.2718	1
21040	701.3052	1
21041	701.3385	1
21042	701.3718	1
21043	701.4052	1
21044	701.4385	1
21045	701.4718	1
21046	701.5052	1
21047	701.5385	1
21048	701.5718	1
21049	701.6052	1
21050	701.6385	1
21051	701.6718	1
21052	701.7052	1
21053	701.7385	1
21054	701.7718	1
21055	701.8052	1
21056	701.8385	1
21057	701.8718	1
21058	701.9052	1
21059	701.9385	1
21060	701.9718	1
21061	702.0052	1
21062	702.0385	1
21063	702.0718	1
21064	702.1052	1
21065	702.1385	1
21066	702.1718	1
21067	702.2052	1
21068	702.2385	1
21069	702.2718	1
21070	702.3052	1
21071	702.3385	1
21072	702.3718	1
21073	702.4052	1
21074	702.4385	1
21075	702.4718	1
21076	702.5052	1
21077	702.5385	1
21078	702.5718	1
21079	702.6052	1
21080	702.6385	1
21081	702.6718	1
21082	702.7052	1
21083	702.7385	1
21084	702.7718	1
21085	702.8052	1
21086	702.8385	0
21087	702.8718	0
21088	702.9052	0
21089	702.9385	0
21090	702.9718	0
21091	703.0052	0
21092	703.0385	0
21093	703.0718	0
21094	703.1052	0
21095	703.1385	0
21096	703.1718	0
21097	703.2052	0
21098	703.2385	0
21099	703.2719	0
21100	703.3052	0
21101	703.3385	0
21102	703.3719	0
21103	703.4052	0
21104	703.4385	0
21105	703.4719	1
21106	703.5052	1
21107	703.5385	1
21108	703.5719	1
21109	703.6052	1
21110	703.6385	1
21111	703.6719	1
21112	703.7052	1
21113	703.7385	1
21114	703.7719	1
21115	703.8052	1
21116	703.8385	1
21117	703.8719	1
21118	703.9052	1
21119	703.9385	1
21120	703.9719	1
21121	704.0052	1
21122	704.0385	1
21123	704.0719	1
21124	704.1052	1
21125	704.1385	1
21126	704.1719	1
21127	704.2052	1
21128	704.2385	1
21129	704.2719	1
21130	704.3052	1
21131	704.3385	1
21132	704.3719	1
21133	704.4052	1
21134	704.4385	1
21135	704.4719	1
21136	704.5052	1
21137	704.5385	1
21138	704.5719	1
21139	704.6052	1
21140	704.6385	1
21141	704.6719	1
21142	704.7052	1
21143	704.7385	1
21144	704.7719	1
21145	704.8052	1
21146	704.8385	1
21147	704.8719	1
21148	704.9052	1
21149	704.9385	1
21150	704.9719	1
21151	705.0052	1
21152	705.0385	1
21153	705.0719	1
21154	705.1052	1
21155	705.1385	1
21156	705.1719	1
21157	705.2052	1
21158	705.2385	1
21159	705.2719	1
21160	705.3052	1
21161	705.3385	1
21162	705.3719	1
21163	705.4052	1
21164	705.4385	1
21165	705.4719	1
21166	705.5052	1
21167	705.5385	1
21168	705.5719	1
21169	705.6052	1
21170	705.6385	1
21171	705.6719	1
21172	705.7052	1
21173	705.7385	1
21174	705.7719	1
21175	705.8052	1
21176	705.8385	1
21177	705.8719	1
21178	705.9052	1
21179	705.9385	1
21180	705.9719	1
21181	706.0052	1
21182	706.0385	1
21183	706.0719	1
21184	706.1052	1
21185	706.1385	1
21186	706.1719	1
21187	706.2052	1
21188	706.2385	1
21189	706.2719	1
21190	706.3052	1
21191	706.3385	1
21192	706.3719	1
21193	706.4052	1
21194	706.4385	1
21195	706.4719	1
21196	706.5052	1
21197	706.5385	1
21198	706.5719	1
21199	706.6052	1
21200	706.6385	1
21201	706.6719	1
21202	706.7052	1
21203	706.7385	1
21204	706.7719	1
21205	706.8052	1
21206	706.8385	1
21207	706.8719	1
21208	706.9052	1
21209	706.9385	1
21210	706.9719	1
21211	707.0052	1
21212	707.0385	1
21213	707.0719	1
21214	707.1052	1
21215	707.1385	1
21216	707.1719	1
21217	707.2052	1
21218	707.2385	1
21219	707.2719	1
21220	707.3052	1
21221	707.3385	1
21222	707.3719	1
21223	707.4052	1
21224	707.4385	1
21225	707.4719	1
21226	707.5052	1
21227	707.5385	1
21228	707.5719	1
21229	707.6052	1
21230	707.6385	1
21231	707.6719	1
21232	707.7052	1
21233	707.7385	1
21234	707.7719	1
21235	707.8052	1
21236	707.8386	1
21237	707.8719	1
21238	707.9052	1
21239	707.9386	1
21240	707.9719	1
21241	708.0052	1
21242	708.0386	1
21243	708.0719	1
21244	708.1052	1
21245	708.1386	1
21246	708.1719	1
21247	708.2052	1
21248	708.2386	1
21249	708.2719	1
21250	708.3052	1
21251	708.3386	1
21252	708.3719	1
21253	708.4052	1
21254	708.4386	1
21255	708.4719	1
21256	708.5052	1
21257	708.5386	1
21258	708.5719	1
21259	708.6052	1
21260	708.6386	1
21261	708.6719	1
21262	708.7052	1
21263	708.7386	1
21264	708.7719	1
21265	708.8052	1
21266	708.8386	1
21267	708.8719	1
21268	708.9052	1
21269	708.9386	1
21270	708.9719	1
21271	709.0052	1
21272	709.0386	1
21273	709.0719	1
21274	709.1052	1
21275	709.1386	1
21276	709.1719	1
21277	709.2052	1
21278	709.2386	1
21279	709.2719	1

[ENDCODE]
