[SUBJECTNAME]=sn010
[AGE]=
[FIELD1]=eye-gaze
[FIELD2]=
[FIELD3]=
[FIELD4]=
[FIELD5]=
[FIELD6]=
[CODER]=
[VIDEOFILE]=G:\Backup experiment\SN010_Clancy\SN010_02_02_F.avi
[RESOLUTION]=30.0004
[STARTCODES]

14262	475.3597	1
14263	475.3930	1
14264	475.4263	1
14265	475.4597	1
14266	475.4930	1
14267	475.5263	1
14268	475.5597	1
14269	475.5930	1
14270	475.6263	1
14271	475.6596	1
14272	475.6930	1
14273	475.7263	1
14274	475.7596	1
14275	475.7930	1
14276	475.8263	1
14277	475.8596	1
14278	475.8930	1
14279	475.9263	1
14280	475.9596	1
14281	475.9930	1
14282	476.0263	1
14283	476.0596	1
14284	476.0930	1
14285	476.1263	1
14286	476.1596	1
14287	476.1930	1
14288	476.2263	1
14289	476.2596	1
14290	476.2930	1
14291	476.3263	1
14292	476.3596	1
14293	476.3930	1
14294	476.4263	1
14295	476.4596	1
14296	476.4930	1
14297	476.5263	1
14298	476.5596	1
14299	476.5930	1
14300	476.6263	1
14301	476.6596	1
14302	476.6930	1
14303	476.7263	1
14304	476.7596	1
14305	476.7930	1
14306	476.8263	1
14307	476.8596	1
14308	476.8930	1
14309	476.9263	1
14310	476.9596	1
14311	476.9930	1
14312	477.0263	1
14313	477.0596	1
14314	477.0930	1
14315	477.1263	1
14316	477.1596	1
14317	477.1930	1
14318	477.2263	1
14319	477.2596	1
14320	477.2930	1
14321	477.3263	1
14322	477.3596	1
14323	477.3930	1
14324	477.4263	1
14325	477.4596	1
14326	477.4930	1
14327	477.5263	1
14328	477.5596	1
14329	477.5930	1
14330	477.6263	1
14331	477.6596	1
14332	477.6930	1
14333	477.7263	1
14334	477.7596	1
14335	477.7930	1
14336	477.8263	1
14337	477.8596	1
14338	477.8929	1
14339	477.9263	1
14340	477.9596	1
14341	477.9929	1
14342	478.0263	1
14343	478.0596	1
14344	478.0929	1
14345	478.1263	1
14346	478.1596	1
14347	478.1929	1
14348	478.2263	1
14349	478.2596	1
14350	478.2929	1
14351	478.3263	1
14352	478.3596	1
14353	478.3929	1
14354	478.4263	1
14355	478.4596	1
14356	478.4929	1
14357	478.5263	1
14358	478.5596	1
14359	478.5929	1
14360	478.6263	1
14361	478.6596	1
14362	478.6929	1
14363	478.7263	1
14364	478.7596	1
14365	478.7929	1
14366	478.8263	1
14367	478.8596	1
14368	478.8929	1
14369	478.9263	1
14370	478.9596	1
14371	478.9929	1
14372	479.0263	1
14373	479.0596	1
14374	479.0929	1
14375	479.1263	1
14376	479.1596	1
14377	479.1929	1
14378	479.2263	1
14379	479.2596	1
14380	479.2929	1
14381	479.3263	1
14382	479.3596	1
14383	479.3929	1
14384	479.4263	1
14385	479.4596	1
14386	479.4929	1
14387	479.5263	1
14388	479.5596	1
14389	479.5929	1
14390	479.6263	1
14391	479.6596	1
14392	479.6929	1
14393	479.7263	1
14394	479.7596	1
14395	479.7929	1
14396	479.8263	1
14397	479.8596	1
14398	479.8929	1
14399	479.9263	1
14400	479.9596	1
14401	479.9929	1
14402	480.0263	1
14403	480.0596	1
14404	480.0929	1
14405	480.1263	1
14406	480.1596	1
14407	480.1929	1
14408	480.2262	1
14409	480.2596	1
14410	480.2929	1
14411	480.3262	1
14412	480.3596	1
14413	480.3929	1
14414	480.4262	1
14415	480.4596	1
14416	480.4929	1
14417	480.5262	1
14418	480.5596	1
14419	480.5929	1
14420	480.6262	1
14421	480.6596	1
14422	480.6929	1
14423	480.7262	1
14424	480.7596	1
14425	480.7929	1
14426	480.8262	1
14427	480.8596	1
14428	480.8929	1
14429	480.9262	1
14430	480.9596	1
14431	480.9929	1
14432	481.0262	1
14433	481.0596	1
14434	481.0929	1
14435	481.1262	1
14436	481.1596	1
14437	481.1929	0
14438	481.2262	0
14439	481.2596	0
14440	481.2929	0
14441	481.3262	0
14442	481.3596	0
14443	481.3929	0
14444	481.4262	0
14445	481.4596	0
14446	481.4929	0
14447	481.5262	0
14448	481.5596	0
14449	481.5929	0
14450	481.6262	0
14451	481.6596	0
14452	481.6929	1
14453	481.7262	1
14454	481.7596	1
14455	481.7929	1
14456	481.8262	1
14457	481.8596	1
14458	481.8929	1
14459	481.9262	1
14460	481.9596	1
14461	481.9929	1
14462	482.0262	1
14463	482.0596	1
14464	482.0929	1
14465	482.1262	1
14466	482.1596	1
14467	482.1929	1
14468	482.2262	1
14469	482.2596	1
14470	482.2929	1
14471	482.3262	1
14472	482.3596	1
14473	482.3929	1
14474	482.4262	1
14475	482.4595	1
14476	482.4929	1
14477	482.5262	1
14478	482.5595	1
14479	482.5929	1
14480	482.6262	1
14481	482.6595	1
14482	482.6929	1
14483	482.7262	1
14484	482.7595	1
14485	482.7929	1
14486	482.8262	1
14487	482.8595	1
14488	482.8929	1
14489	482.9262	1
14490	482.9595	1
14491	482.9929	1
14492	483.0262	1
14493	483.0595	1
14494	483.0929	1
14495	483.1262	1
14496	483.1595	1
14497	483.1929	1
14498	483.2262	1
14499	483.2595	1
14500	483.2929	1
14501	483.3262	1
14502	483.3595	1
14503	483.3929	1
14504	483.4262	1
14505	483.4595	1
14506	483.4929	1
14507	483.5262	1
14508	483.5595	1
14509	483.5929	1
14510	483.6262	1
14511	483.6595	1
14512	483.6929	1
14513	483.7262	1
14514	483.7595	1
14515	483.7929	1
14516	483.8262	1
14517	483.8595	1
14518	483.8929	1
14519	483.9262	1
14520	483.9595	1
14521	483.9929	0
14522	484.0262	0
14523	484.0595	0
14524	484.0929	0
14525	484.1262	0
14526	484.1595	0
14527	484.1929	0
14528	484.2262	0
14529	484.2595	0
14530	484.2929	0
14531	484.3262	0
14532	484.3595	0
14533	484.3929	0
14534	484.4262	0
14535	484.4595	0
14536	484.4929	0
14537	484.5262	0
14538	484.5595	0
14539	484.5929	0
14540	484.6262	0
14541	484.6595	0
14542	484.6928	0
14543	484.7262	0
14544	484.7595	0
14545	484.7928	0
14546	484.8262	0
14547	484.8595	0
14548	484.8928	0
14549	484.9262	0
14550	484.9595	0
14551	484.9928	0
14552	485.0262	0
14553	485.0595	0
14554	485.0928	0
14555	485.1262	0
14556	485.1595	0
14557	485.1928	0
14558	485.2262	0
14559	485.2595	0
14560	485.2928	0
14561	485.3262	0
14562	485.3595	0
14563	485.3928	0
14564	485.4262	0
14565	485.4595	0
14566	485.4928	0
14567	485.5262	0
14568	485.5595	0
14569	485.5928	0
14570	485.6262	0
14571	485.6595	0
14572	485.6928	0
14573	485.7262	0
14574	485.7595	0
14575	485.7928	0
14576	485.8262	0
14577	485.8595	0
14578	485.8928	0
14579	485.9262	0
14580	485.9595	0
14581	485.9928	0
14582	486.0262	0
14583	486.0595	0
14584	486.0928	0
14585	486.1262	0
14586	486.1595	0
14587	486.1928	0
14588	486.2262	0
14589	486.2595	0
14590	486.2928	0
14591	486.3262	0
14592	486.3595	0
14593	486.3928	0
14594	486.4262	0
14595	486.4595	0
14596	486.4928	0
14597	486.5262	0
14598	486.5595	0
14599	486.5928	0
14600	486.6262	0
14601	486.6595	0
14602	486.6928	0
14603	486.7262	0
14604	486.7595	0
14605	486.7928	0
14606	486.8262	0
14607	486.8595	0
14608	486.8928	0
14609	486.9261	0
14610	486.9595	0
14611	486.9928	0
14612	487.0261	0
14613	487.0595	0
14614	487.0928	0
14615	487.1261	0
14616	487.1595	0
14617	487.1928	0
14618	487.2261	1
14619	487.2595	1
14620	487.2928	1
14621	487.3261	1
14622	487.3595	1
14623	487.3928	1
14624	487.4261	1
14625	487.4595	1
14626	487.4928	1
14627	487.5261	1
14628	487.5595	1
14629	487.5928	1
14630	487.6261	1
14631	487.6595	1
14632	487.6928	1
14633	487.7261	1
14634	487.7595	1
14635	487.7928	1
14636	487.8261	1
14637	487.8595	1
14638	487.8928	1
14639	487.9261	1
14640	487.9595	1
14641	487.9928	1
14642	488.0261	1
14643	488.0595	1
14644	488.0928	1
14645	488.1261	1
14646	488.1595	1
14647	488.1928	1
14648	488.2261	1
14649	488.2595	1
14650	488.2928	1
14651	488.3261	1
14652	488.3595	1
14653	488.3928	1
14654	488.4261	1
14655	488.4595	1
14656	488.4928	1
14657	488.5261	1
14658	488.5595	1
14659	488.5928	1
14660	488.6261	1
14661	488.6595	1
14662	488.6928	1
14663	488.7261	1
14664	488.7595	1
14665	488.7928	1
14666	488.8261	1
14667	488.8595	1
14668	488.8928	1
14669	488.9261	1
14670	488.9595	1
14671	488.9928	1
14672	489.0261	1
14673	489.0595	1
14674	489.0928	1
14675	489.1261	1
14676	489.1595	1
14677	489.1928	1
14678	489.2261	1
14679	489.2594	1
14680	489.2928	0
14681	489.3261	0
14682	489.3594	0
14683	489.3928	0
14684	489.4261	0
14685	489.4594	0
14686	489.4928	0
14687	489.5261	0
14688	489.5594	0
14689	489.5928	0
14690	489.6261	0
14691	489.6594	0
14692	489.6928	0
14693	489.7261	0
14694	489.7594	0
14695	489.7928	0
14696	489.8261	0
14697	489.8594	0
14698	489.8928	0
14699	489.9261	0
14700	489.9594	0
14701	489.9928	0
14702	490.0261	0
14703	490.0594	0
14704	490.0928	0
14705	490.1261	1
14706	490.1594	1
14707	490.1928	1
14708	490.2261	1
14709	490.2594	1
14710	490.2928	1
14711	490.3261	1
14712	490.3594	1
14713	490.3928	1
14714	490.4261	1
14715	490.4594	1
14716	490.4928	1
14717	490.5261	1
14718	490.5594	0
14719	490.5928	0
14720	490.6261	0
14721	490.6594	0
14722	490.6928	0
14723	490.7261	0
14724	490.7594	0
14725	490.7928	0
14726	490.8261	0
14727	490.8594	0
14728	490.8928	0
14729	490.9261	0
14730	490.9594	0
14731	490.9928	0
14732	491.0261	0
14733	491.0594	0
14734	491.0928	0
14735	491.1261	0
14736	491.1594	0
14737	491.1928	0
14738	491.2261	0
14739	491.2594	0
14740	491.2928	0
14741	491.3261	0
14742	491.3594	0
14743	491.3928	0
14744	491.4261	0
14745	491.4594	0
14746	491.4927	0
14747	491.5261	0
14748	491.5594	0
14749	491.5927	0
14750	491.6261	1
14751	491.6594	1
14752	491.6927	1
14753	491.7261	1
14754	491.7594	1
14755	491.7927	1
14756	491.8261	1
14757	491.8594	1
14758	491.8927	1
14759	491.9261	1
14760	491.9594	1
14761	491.9927	1
14762	492.0261	1
14763	492.0594	1
14764	492.0927	1
14765	492.1261	1
14766	492.1594	1
14767	492.1927	1
14768	492.2261	1
14769	492.2594	1
14770	492.2927	1
14771	492.3261	1
14772	492.3594	1
14773	492.3927	1
14774	492.4261	1
14775	492.4594	1
14776	492.4927	1
14777	492.5261	1
14778	492.5594	1
14779	492.5927	1
14780	492.6261	1
14781	492.6594	1
14782	492.6927	1
14783	492.7261	1
14784	492.7594	1
14785	492.7927	1
14786	492.8261	1
14787	492.8594	1
14788	492.8927	1
14789	492.9261	1
14790	492.9594	1
14791	492.9927	0
14792	493.0261	0
14793	493.0594	0
14794	493.0927	0
14795	493.1261	0
14796	493.1594	0
14797	493.1927	0
14798	493.2261	0
14799	493.2594	0
14800	493.2927	0
14801	493.3261	0
14802	493.3594	0
14803	493.3927	0
14804	493.4261	0
14805	493.4594	0
14806	493.4927	0
14807	493.5261	0
14808	493.5594	0
14809	493.5927	0
14810	493.6261	0
14811	493.6594	0
14812	493.6927	0
14813	493.7260	0
14814	493.7594	0
14815	493.7927	0
14816	493.8260	0
14817	493.8594	0
14818	493.8927	0
14819	493.9260	0
14820	493.9594	0
14821	493.9927	0
14822	494.0260	0
14823	494.0594	0
14824	494.0927	0
14825	494.1260	0
14826	494.1594	0
14827	494.1927	0
14828	494.2260	0
14829	494.2594	0
14830	494.2927	0
14831	494.3260	0
14832	494.3594	0
14833	494.3927	0
14834	494.4260	0
14835	494.4594	0
14836	494.4927	0
14837	494.5260	0
14838	494.5594	0
14839	494.5927	0
14840	494.6260	1
14841	494.6594	1
14842	494.6927	1
14843	494.7260	1
14844	494.7594	1
14845	494.7927	1
14846	494.8260	1
14847	494.8594	1
14848	494.8927	1
14849	494.9260	1
14850	494.9594	1
14851	494.9927	1
14852	495.0260	1
14853	495.0594	1
14854	495.0927	1
14855	495.1260	1
14856	495.1594	1
14857	495.1927	1
14858	495.2260	1
14859	495.2594	1
14860	495.2927	1
14861	495.3260	1
14862	495.3594	1
14863	495.3927	1
14864	495.4260	1
14865	495.4594	1
14866	495.4927	1
14867	495.5260	1
14868	495.5594	1
14869	495.5927	1
14870	495.6260	1
14871	495.6594	1
14872	495.6927	1
14873	495.7260	1
14874	495.7594	1
14875	495.7927	1
14876	495.8260	1
14877	495.8594	1
14878	495.8927	1
14879	495.9260	1
14880	495.9593	1
14881	495.9927	1
14882	496.0260	1
14883	496.0593	1
14884	496.0927	1
14885	496.1260	1
14886	496.1593	1
14887	496.1927	1
14888	496.2260	1
14889	496.2593	1
14890	496.2927	1
14891	496.3260	1
14892	496.3593	1
14893	496.3927	1
14894	496.4260	1
14895	496.4593	1
14896	496.4927	1
14897	496.5260	1
14898	496.5593	1
14899	496.5927	1
14900	496.6260	1
14901	496.6593	1
14902	496.6927	1
14903	496.7260	1
14904	496.7593	1
14905	496.7927	1
14906	496.8260	1
14907	496.8593	1
14908	496.8927	1
14909	496.9260	1
14910	496.9593	1
14911	496.9927	1
14912	497.0260	1
14913	497.0593	1
14914	497.0927	1
14915	497.1260	1
14916	497.1593	1
14917	497.1927	1
14918	497.2260	1
14919	497.2593	1
14920	497.2927	1
14921	497.3260	1
14922	497.3593	1
14923	497.3927	1
14924	497.4260	1
14925	497.4593	1
14926	497.4927	1
14927	497.5260	1
14928	497.5593	1
14929	497.5927	1
14930	497.6260	1
14931	497.6593	1
14932	497.6927	1
14933	497.7260	1
14934	497.7593	1
14935	497.7927	1
14936	497.8260	1
14937	497.8593	1
14938	497.8927	1
14939	497.9260	1
14940	497.9593	1
14941	497.9927	1
14942	498.0260	1
14943	498.0593	1
14944	498.0927	1
14945	498.1260	1
14946	498.1593	1
14947	498.1927	1
14948	498.2260	1
14949	498.2593	1
14950	498.2926	1
14951	498.3260	1
14952	498.3593	1
14953	498.3926	0
14954	498.4260	0
14955	498.4593	0
14956	498.4926	0
14957	498.5260	0
14958	498.5593	0
14959	498.5926	0
14960	498.6260	0
14961	498.6593	0
14962	498.6926	0
14963	498.7260	0
14964	498.7593	0
14965	498.7926	0
14966	498.8260	0
14967	498.8593	0
14968	498.8926	0
14969	498.9260	0
14970	498.9593	0
14971	498.9926	0
14972	499.0260	0
14973	499.0593	0
14974	499.0926	0
14975	499.1260	0
14976	499.1593	0
14977	499.1926	0
14978	499.2260	0
14979	499.2593	0
14980	499.2926	0
14981	499.3260	0
14982	499.3593	0
14983	499.3926	0
14984	499.4260	0
14985	499.4593	0
14986	499.4926	0
14987	499.5260	0
14988	499.5593	0
14989	499.5926	0
14990	499.6260	0
14991	499.6593	0
14992	499.6926	0
14993	499.7260	0
14994	499.7593	0
14995	499.7926	0
14996	499.8260	1
14997	499.8593	1
14998	499.8926	1
14999	499.9260	1
15000	499.9593	1
15001	499.9926	1
15002	500.0260	1
15003	500.0593	1
15004	500.0926	1
15005	500.1260	1
15006	500.1593	1
15007	500.1926	1
15008	500.2260	1
15009	500.2593	1
15010	500.2926	1
15011	500.3260	1
15012	500.3593	1
15013	500.3926	1
15014	500.4260	1
15015	500.4593	1
15016	500.4926	1
15017	500.5259	1
15018	500.5593	1
15019	500.5926	1
15020	500.6259	1
15021	500.6593	1
15022	500.6926	1
15023	500.7259	1
15024	500.7593	1
15025	500.7926	1
15026	500.8259	1
15027	500.8593	1
15028	500.8926	1
15029	500.9259	1
15030	500.9593	1
15031	500.9926	1
15032	501.0259	1
15033	501.0593	1
15034	501.0926	1
15035	501.1259	1
15036	501.1593	1
15037	501.1926	1
15038	501.2259	1
15039	501.2593	1
15040	501.2926	1
15041	501.3259	1
15042	501.3593	1
15043	501.3926	1
15044	501.4259	1
15045	501.4593	1
15046	501.4926	0
15047	501.5259	0
15048	501.5593	0
15049	501.5926	1
15050	501.6259	1
15051	501.6593	1
15052	501.6926	1
15053	501.7259	1
15054	501.7593	1
15055	501.7926	1
15056	501.8259	1
15057	501.8593	1
15058	501.8926	1
15059	501.9259	1
15060	501.9593	1
15061	501.9926	1
15062	502.0259	1
15063	502.0593	1
15064	502.0926	1
15065	502.1259	1
15066	502.1593	1
15067	502.1926	1
15068	502.2259	1
15069	502.2593	1
15070	502.2926	1
15071	502.3259	1
15072	502.3593	1
15073	502.3926	1
15074	502.4259	1
15075	502.4593	1
15076	502.4926	1
15077	502.5259	1
15078	502.5593	1
15079	502.5926	1
15080	502.6259	1
15081	502.6593	1
15082	502.6926	1
15083	502.7259	1
15084	502.7592	1
15085	502.7926	1
15086	502.8259	1
15087	502.8592	1
15088	502.8926	0
15089	502.9259	0
15090	502.9592	0
15091	502.9926	0
15092	503.0259	0
15093	503.0592	0
15094	503.0926	0
15095	503.1259	0
15096	503.1592	0
15097	503.1926	0
15098	503.2259	1
15099	503.2592	1
15100	503.2926	1
15101	503.3259	1
15102	503.3592	1
15103	503.3926	1
15104	503.4259	1
15105	503.4592	1
15106	503.4926	1
15107	503.5259	1
15108	503.5592	1
15109	503.5926	1
15110	503.6259	1
15111	503.6592	1
15112	503.6926	1
15113	503.7259	1
15114	503.7592	1
15115	503.7926	1
15116	503.8259	1
15117	503.8592	1
15118	503.8926	1
15119	503.9259	1
15120	503.9592	1
15121	503.9926	1
15122	504.0259	1
15123	504.0592	1
15124	504.0926	1
15125	504.1259	1
15126	504.1592	1
15127	504.1926	1
15128	504.2259	1
15129	504.2592	1
15130	504.2926	1
15131	504.3259	1
15132	504.3592	1
15133	504.3926	0
15134	504.4259	0
15135	504.4592	0
15136	504.4926	0
15137	504.5259	0
15138	504.5592	0
15139	504.5926	0
15140	504.6259	0
15141	504.6592	0
15142	504.6926	0
15143	504.7259	0
15144	504.7592	0
15145	504.7926	0
15146	504.8259	0
15147	504.8592	0
15148	504.8926	0
15149	504.9259	0
15150	504.9592	0
15151	504.9926	0
15152	505.0259	0
15153	505.0592	0
15154	505.0925	0
15155	505.1259	0
15156	505.1592	0
15157	505.1925	0
15158	505.2259	0
15159	505.2592	0
15160	505.2925	0
15161	505.3259	0
15162	505.3592	0
15163	505.3925	0
15164	505.4259	0
15165	505.4592	0
15166	505.4925	0
15167	505.5259	0
15168	505.5592	0
15169	505.5925	0
15170	505.6259	0
15171	505.6592	0
15172	505.6925	0
15173	505.7259	0
15174	505.7592	0
15175	505.7925	0
15176	505.8259	0
15177	505.8592	0
15178	505.8925	0
15179	505.9259	0
15180	505.9592	0
15181	505.9925	0
15182	506.0259	0
15183	506.0592	0
15184	506.0925	0
15185	506.1259	1
15186	506.1592	0
15187	506.1925	0
15188	506.2259	0
15189	506.2592	0
15190	506.2925	0
15191	506.3259	0
15192	506.3592	0
15193	506.3925	0
15194	506.4259	0
15195	506.4592	0
15196	506.4925	0
15197	506.5259	0
15198	506.5592	0
15199	506.5925	0
15200	506.6259	0
15201	506.6592	0
15202	506.6925	0
15203	506.7259	0
15204	506.7592	0
15205	506.7925	0
15206	506.8259	0
15207	506.8592	0
15208	506.8925	0
15209	506.9259	0
15210	506.9592	0
15211	506.9925	0
15212	507.0259	0
15213	507.0592	0
15214	507.0925	0
15215	507.1259	0
15216	507.1592	0
15217	507.1925	0
15218	507.2259	0
15219	507.2592	0
15220	507.2925	0
15221	507.3258	0
15222	507.3592	0
15223	507.3925	0
15224	507.4258	0
15225	507.4592	0
15226	507.4925	0
15227	507.5258	0
15228	507.5592	0
15229	507.5925	0
15230	507.6258	0
15231	507.6592	0
15232	507.6925	0
15233	507.7258	0
15234	507.7592	0
15235	507.7925	0
15236	507.8258	0
15237	507.8592	0
15238	507.8925	0
15239	507.9258	0
15240	507.9592	0
15241	507.9925	0
15242	508.0258	0
15243	508.0592	0
15244	508.0925	0
15245	508.1258	0
15246	508.1592	0
15247	508.1925	0
15248	508.2258	0
15249	508.2592	0
15250	508.2925	0
15251	508.3258	0
15252	508.3592	0
15253	508.3925	0
15254	508.4258	0
15255	508.4592	0
15256	508.4925	0
15257	508.5258	0
15258	508.5592	0
15259	508.5925	0
15260	508.6258	0
15261	508.6592	0
15262	508.6925	0
15263	508.7258	0
15264	508.7592	0
15265	508.7925	0
15266	508.8258	0
15267	508.8592	0
15268	508.8925	0
15269	508.9258	0
15270	508.9592	0
15271	508.9925	0
15272	509.0258	0
15273	509.0592	0
15274	509.0925	0
15275	509.1258	0
15276	509.1592	0
15277	509.1925	0
15278	509.2258	0
15279	509.2592	0
15280	509.2925	0
15281	509.3258	0
15282	509.3592	0
15283	509.3925	0
15284	509.4258	0
15285	509.4592	0
15286	509.4925	0
15287	509.5258	0
15288	509.5591	0
15289	509.5925	0
15290	509.6258	0
15291	509.6591	0
15292	509.6925	0
15293	509.7258	0
15294	509.7591	0
15295	509.7925	0
15296	509.8258	0
15297	509.8591	0
15298	509.8925	0
15299	509.9258	0
15300	509.9591	0
15301	509.9925	0
15302	510.0258	0
15303	510.0591	0
15304	510.0925	0
15305	510.1258	0
15306	510.1591	0
15307	510.1925	0
15308	510.2258	0
15309	510.2591	0
15310	510.2925	0
15311	510.3258	0
15312	510.3591	0
15313	510.3925	0
15314	510.4258	0
15315	510.4591	0
15316	510.4925	0
15317	510.5258	0
15318	510.5591	0
15319	510.5925	0
15320	510.6258	0
15321	510.6591	0
15322	510.6925	0
15323	510.7258	0
15324	510.7591	0
15325	510.7925	0
15326	510.8258	0
15327	510.8591	0
15328	510.8925	0
15329	510.9258	0
15330	510.9591	0
15331	510.9925	0
15332	511.0258	0
15333	511.0591	0
15334	511.0925	0
15335	511.1258	0
15336	511.1591	0
15337	511.1925	0
15338	511.2258	0
15339	511.2591	0
15340	511.2925	0
15341	511.3258	0
15342	511.3591	0
15343	511.3925	0
15344	511.4258	0
15345	511.4591	0
15346	511.4925	0
15347	511.5258	0
15348	511.5591	0
15349	511.5925	0
15350	511.6258	0
15351	511.6591	0
15352	511.6925	0
15353	511.7258	0
15354	511.7591	0
15355	511.7924	0
15356	511.8258	0
15357	511.8591	0
15358	511.8924	0
15359	511.9258	0
15360	511.9591	0
15361	511.9924	0
15362	512.0258	0
15363	512.0591	0
15364	512.0924	0
15365	512.1258	0
15366	512.1591	0
15367	512.1924	0
15368	512.2258	0
15369	512.2591	0
15370	512.2924	0
15371	512.3258	0
15372	512.3591	0
15373	512.3924	0
15374	512.4258	0
15375	512.4591	0
15376	512.4924	0
15377	512.5258	0
15378	512.5591	0
15379	512.5924	0
15380	512.6258	0
15381	512.6591	0
15382	512.6924	0
15383	512.7258	0
15384	512.7591	0
15385	512.7924	0
15386	512.8258	0
15387	512.8591	0
15388	512.8924	0
15389	512.9258	0
15390	512.9591	0
15391	512.9924	0
15392	513.0258	0
15393	513.0591	0
15394	513.0924	0
15395	513.1258	0
15396	513.1591	0
15397	513.1924	0
15398	513.2258	0
15399	513.2591	0
15400	513.2924	0
15401	513.3258	0
15402	513.3591	0
15403	513.3924	0
15404	513.4258	0
15405	513.4591	0
15406	513.4924	0
15407	513.5258	0
15408	513.5591	0
15409	513.5924	0
15410	513.6258	0
15411	513.6591	0
15412	513.6924	0
15413	513.7258	0
15414	513.7591	0
15415	513.7924	0
15416	513.8258	0
15417	513.8591	0
15418	513.8924	0
15419	513.9258	0
15420	513.9591	0
15421	513.9924	0
15422	514.0258	0
15423	514.0591	0
15424	514.0924	0
15425	514.1257	0
15426	514.1591	0
15427	514.1924	0
15428	514.2257	0
15429	514.2591	0
15430	514.2924	0
15431	514.3257	0
15432	514.3591	0
15433	514.3924	0
15434	514.4257	0
15435	514.4591	0
15436	514.4924	0
15437	514.5257	0
15438	514.5591	0
15439	514.5924	0
15440	514.6257	0
15441	514.6591	0
15442	514.6924	0
15443	514.7257	0
15444	514.7591	0
15445	514.7924	0
15446	514.8257	0
15447	514.8591	0
15448	514.8924	0
15449	514.9257	0
15450	514.9591	0
15451	514.9924	0
15452	515.0257	0
15453	515.0591	0
15454	515.0924	0
15455	515.1257	0
15456	515.1591	0
15457	515.1924	0
15458	515.2257	0
15459	515.2591	0
15460	515.2924	0
15461	515.3257	0
15462	515.3591	0
15463	515.3924	0
15464	515.4257	0
15465	515.4591	0
15466	515.4924	0
15467	515.5257	0
15468	515.5591	0
15469	515.5924	0
15470	515.6257	0
15471	515.6591	0
15472	515.6924	0
15473	515.7257	0
15474	515.7591	0
15475	515.7924	0
15476	515.8257	0
15477	515.8591	0
15478	515.8924	0
15479	515.9257	0
15480	515.9591	0
15481	515.9924	0
15482	516.0257	0
15483	516.0591	0
15484	516.0924	0
15485	516.1257	0
15486	516.1591	0
15487	516.1924	0
15488	516.2257	0
15489	516.2591	0
15490	516.2924	0
15491	516.3257	0
15492	516.3590	0
15493	516.3924	0
15494	516.4257	0
15495	516.4590	0
15496	516.4924	0
15497	516.5257	0
15498	516.5590	0
15499	516.5924	0
15500	516.6257	0
15501	516.6590	0
15502	516.6924	0
15503	516.7257	0
15504	516.7590	0
15505	516.7924	0
15506	516.8257	0
15507	516.8590	0
15508	516.8924	0
15509	516.9257	0
15510	516.9590	0
15511	516.9924	0
15512	517.0257	0
15513	517.0590	0
15514	517.0924	0
15515	517.1257	0
15516	517.1590	0
15517	517.1924	0
15518	517.2257	0
15519	517.2590	0
15520	517.2924	0
15521	517.3257	0
15522	517.3590	0
15523	517.3924	0
15524	517.4257	0
15525	517.4590	0
15526	517.4924	0
15527	517.5257	0
15528	517.5590	0
15529	517.5924	0
15530	517.6257	0
15531	517.6590	0
15532	517.6924	0
15533	517.7257	0
15534	517.7590	0
15535	517.7924	0
15536	517.8257	0
15537	517.8590	0
15538	517.8924	0
15539	517.9257	0
15540	517.9590	0
15541	517.9924	0
15542	518.0257	0
15543	518.0590	0
15544	518.0924	0
15545	518.1257	0
15546	518.1590	0
15547	518.1924	0
15548	518.2257	0
15549	518.2590	0
15550	518.2924	1
15551	518.3257	1
15552	518.3590	1
15553	518.3924	1
15554	518.4257	1
15555	518.4590	1
15556	518.4924	1
15557	518.5257	1
15558	518.5590	1
15559	518.5923	1
15560	518.6257	1
15561	518.6590	1
15562	518.6923	1
15563	518.7257	1
15564	518.7590	1
15565	518.7923	1
15566	518.8257	1
15567	518.8590	1
15568	518.8923	1
15569	518.9257	1
15570	518.9590	1
15571	518.9923	1
15572	519.0257	1
15573	519.0590	1
15574	519.0923	1
15575	519.1257	1
15576	519.1590	1
15577	519.1923	1
15578	519.2257	1
15579	519.2590	1
15580	519.2923	1
15581	519.3257	0
15582	519.3590	0
15583	519.3923	0
15584	519.4257	0
15585	519.4590	0
15586	519.4923	0
15587	519.5257	0
15588	519.5590	0
15589	519.5923	0
15590	519.6257	0
15591	519.6590	0
15592	519.6923	0
15593	519.7257	0
15594	519.7590	0
15595	519.7923	0
15596	519.8257	0
15597	519.8590	0
15598	519.8923	0
15599	519.9257	0
15600	519.9590	0
15601	519.9923	0
15602	520.0257	0
15603	520.0590	0
15604	520.0923	0
15605	520.1257	0
15606	520.1590	0
15607	520.1923	0
15608	520.2257	0
15609	520.2590	0
15610	520.2923	0
15611	520.3257	0
15612	520.3590	0
15613	520.3923	0
15614	520.4257	0
15615	520.4590	0
15616	520.4923	0
15617	520.5257	0
15618	520.5590	1
15619	520.5923	1
15620	520.6257	1
15621	520.6590	1
15622	520.6923	1
15623	520.7257	1
15624	520.7590	1
15625	520.7923	1
15626	520.8256	1
15627	520.8590	1
15628	520.8923	1
15629	520.9256	1
15630	520.9590	1
15631	520.9923	1
15632	521.0256	1
15633	521.0590	1
15634	521.0923	1
15635	521.1256	1
15636	521.1590	1
15637	521.1923	1
15638	521.2256	1
15639	521.2590	1
15640	521.2923	1
15641	521.3256	1
15642	521.3590	1
15643	521.3923	1
15644	521.4256	1
15645	521.4590	1
15646	521.4923	1
15647	521.5256	1
15648	521.5590	1
15649	521.5923	1
15650	521.6256	1
15651	521.6590	1
15652	521.6923	1
15653	521.7256	1
15654	521.7590	1
15655	521.7923	1
15656	521.8256	1
15657	521.8590	1
15658	521.8923	1
15659	521.9256	1
15660	521.9590	1
15661	521.9923	1
15662	522.0256	1
15663	522.0590	1
15664	522.0923	1
15665	522.1256	1
15666	522.1590	1
15667	522.1923	1
15668	522.2256	1
15669	522.2590	1
15670	522.2923	1
15671	522.3256	1
15672	522.3590	1
15673	522.3923	1
15674	522.4256	1
15675	522.4590	1
15676	522.4923	1
15677	522.5256	0
15678	522.5590	0
15679	522.5923	0
15680	522.6256	0
15681	522.6590	0
15682	522.6923	0
15683	522.7256	0
15684	522.7590	0
15685	522.7923	0
15686	522.8256	0
15687	522.8590	0
15688	522.8923	0
15689	522.9256	0
15690	522.9590	0
15691	522.9923	0
15692	523.0256	0
15693	523.0590	0
15694	523.0923	0
15695	523.1256	0
15696	523.1589	0
15697	523.1923	1
15698	523.2256	1
15699	523.2589	1
15700	523.2923	1
15701	523.3256	1
15702	523.3589	1
15703	523.3923	1
15704	523.4256	1
15705	523.4589	1
15706	523.4923	1
15707	523.5256	1
15708	523.5589	1
15709	523.5923	1
15710	523.6256	1
15711	523.6589	1
15712	523.6923	1
15713	523.7256	1
15714	523.7589	1
15715	523.7923	1
15716	523.8256	1
15717	523.8589	1
15718	523.8923	1
15719	523.9256	1
15720	523.9589	1
15721	523.9923	1
15722	524.0256	1
15723	524.0589	1
15724	524.0923	1
15725	524.1256	1
15726	524.1589	1
15727	524.1923	1
15728	524.2256	1
15729	524.2589	1
15730	524.2923	1
15731	524.3256	1
15732	524.3589	1
15733	524.3923	1
15734	524.4256	1
15735	524.4589	1
15736	524.4923	1
15737	524.5256	1
15738	524.5589	1
15739	524.5923	1
15740	524.6256	1
15741	524.6589	1
15742	524.6923	1
15743	524.7256	1
15744	524.7589	1
15745	524.7923	1
15746	524.8256	1
15747	524.8589	1
15748	524.8923	1
15749	524.9256	1
15750	524.9589	1
15751	524.9923	1
15752	525.0256	1
15753	525.0589	0
15754	525.0923	0
15755	525.1256	0
15756	525.1589	0
15757	525.1923	0
15758	525.2256	0
15759	525.2589	0
15760	525.2923	0
15761	525.3256	0
15762	525.3589	0
15763	525.3922	0
15764	525.4256	0
15765	525.4589	0
15766	525.4922	0
15767	525.5256	0
15768	525.5589	0
15769	525.5922	1
15770	525.6256	1
15771	525.6589	1
15772	525.6922	1
15773	525.7256	1
15774	525.7589	1
15775	525.7922	1
15776	525.8256	1
15777	525.8589	1
15778	525.8922	1
15779	525.9256	1
15780	525.9589	1
15781	525.9922	1
15782	526.0256	1
15783	526.0589	1
15784	526.0922	1
15785	526.1256	1
15786	526.1589	1
15787	526.1922	1
15788	526.2256	1
15789	526.2589	1
15790	526.2922	1
15791	526.3256	1
15792	526.3589	1
15793	526.3922	1
15794	526.4256	1
15795	526.4589	1
15796	526.4922	1
15797	526.5256	1
15798	526.5589	1
15799	526.5922	1
15800	526.6256	1
15801	526.6589	1
15802	526.6922	1
15803	526.7256	1
15804	526.7589	1
15805	526.7922	1
15806	526.8256	1
15807	526.8589	1
15808	526.8922	1
15809	526.9256	1
15810	526.9589	1
15811	526.9922	1
15812	527.0256	1
15813	527.0589	1
15814	527.0922	1
15815	527.1256	1
15816	527.1589	1
15817	527.1922	1
15818	527.2256	1
15819	527.2589	1
15820	527.2922	1
15821	527.3256	1
15822	527.3589	1
15823	527.3922	1
15824	527.4256	1
15825	527.4589	1
15826	527.4922	1
15827	527.5256	1
15828	527.5589	1
15829	527.5922	1
15830	527.6255	1
15831	527.6589	1
15832	527.6922	1
15833	527.7255	1
15834	527.7589	1
15835	527.7922	1
15836	527.8255	1
15837	527.8589	1
15838	527.8922	1
15839	527.9255	1
15840	527.9589	1
15841	527.9922	1
15842	528.0255	1
15843	528.0589	1
15844	528.0922	1
15845	528.1255	1
15846	528.1589	1
15847	528.1922	1
15848	528.2255	1
15849	528.2589	1
15850	528.2922	1
15851	528.3255	1
15852	528.3589	1
15853	528.3922	1
15854	528.4255	1
15855	528.4589	1
15856	528.4922	1
15857	528.5255	1
15858	528.5589	1
15859	528.5922	1
15860	528.6255	1
15861	528.6589	1
15862	528.6922	1
15863	528.7255	1
15864	528.7589	1
15865	528.7922	1
15866	528.8255	1
15867	528.8589	1
15868	528.8922	1
15869	528.9255	1
15870	528.9589	1
15871	528.9922	1
15872	529.0255	1
15873	529.0589	1
15874	529.0922	1
15875	529.1255	1
15876	529.1589	1
15877	529.1922	1
15878	529.2255	1
15879	529.2589	1
15880	529.2922	1
15881	529.3255	1
15882	529.3589	1
15883	529.3922	1
15884	529.4255	1
15885	529.4589	1
15886	529.4922	1
15887	529.5255	1
15888	529.5589	1
15889	529.5922	1
15890	529.6255	1
15891	529.6589	1
15892	529.6922	1
15893	529.7255	1
15894	529.7589	1
15895	529.7922	1
15896	529.8255	1
15897	529.8588	1
15898	529.8922	1
15899	529.9255	1
15900	529.9588	1
15901	529.9922	1
15902	530.0255	1
15903	530.0588	1
15904	530.0922	1
15905	530.1255	0
15906	530.1588	0
15907	530.1922	0
15908	530.2255	0
15909	530.2588	0
15910	530.2922	0
15911	530.3255	0
15912	530.3588	0
15913	530.3922	0
15914	530.4255	0
15915	530.4588	0
15916	530.4922	0
15917	530.5255	0
15918	530.5588	0
15919	530.5922	0
15920	530.6255	0
15921	530.6588	0
15922	530.6922	0
15923	530.7255	0
15924	530.7588	0
15925	530.7922	0
15926	530.8255	0
15927	530.8588	0
15928	530.8922	0
15929	530.9255	1
15930	530.9588	1
15931	530.9922	1
15932	531.0255	1
15933	531.0588	1
15934	531.0922	1
15935	531.1255	1
15936	531.1588	1
15937	531.1922	1
15938	531.2255	1
15939	531.2588	1
15940	531.2922	1
15941	531.3255	1
15942	531.3588	1
15943	531.3922	1
15944	531.4255	1
15945	531.4588	1
15946	531.4922	1
15947	531.5255	1
15948	531.5588	1
15949	531.5922	1
15950	531.6255	1
15951	531.6588	1
15952	531.6922	1
15953	531.7255	1
15954	531.7588	1
15955	531.7922	1
15956	531.8255	1
15957	531.8588	1
15958	531.8922	1
15959	531.9255	1
15960	531.9588	1
15961	531.9922	1
15962	532.0255	1
15963	532.0588	1
15964	532.0922	1
15965	532.1255	1
15966	532.1588	1
15967	532.1921	1
15968	532.2255	1
15969	532.2588	1
15970	532.2921	1
15971	532.3255	1
15972	532.3588	1
15973	532.3921	1
15974	532.4255	1
15975	532.4588	1
15976	532.4921	1
15977	532.5255	1
15978	532.5588	1
15979	532.5921	1
15980	532.6255	1
15981	532.6588	1
15982	532.6921	1
15983	532.7255	1
15984	532.7588	1
15985	532.7921	1
15986	532.8255	1
15987	532.8588	1
15988	532.8921	0
15989	532.9255	0
15990	532.9588	0
15991	532.9921	0
15992	533.0255	0
15993	533.0588	0
15994	533.0921	0
15995	533.1255	0
15996	533.1588	0
15997	533.1921	0
15998	533.2255	0
15999	533.2588	0
16000	533.2921	0
16001	533.3255	0
16002	533.3588	0
16003	533.3921	0
16004	533.4255	0
16005	533.4588	0
16006	533.4921	0
16007	533.5255	0
16008	533.5588	0
16009	533.5921	0
16010	533.6255	0
16011	533.6588	0
16012	533.6921	0
16013	533.7255	0
16014	533.7588	0
16015	533.7921	0
16016	533.8255	0
16017	533.8588	0
16018	533.8921	0
16019	533.9255	0
16020	533.9588	0
16021	533.9921	0
16022	534.0255	0
16023	534.0588	0
16024	534.0921	0
16025	534.1255	0
16026	534.1588	0
16027	534.1921	0
16028	534.2255	0
16029	534.2588	0
16030	534.2921	0
16031	534.3255	0
16032	534.3588	0
16033	534.3921	0
16034	534.4254	0
16035	534.4588	0
16036	534.4921	0
16037	534.5254	1
16038	534.5588	1
16039	534.5921	1
16040	534.6254	1
16041	534.6588	1
16042	534.6921	1
16043	534.7254	1
16044	534.7588	1
16045	534.7921	1
16046	534.8254	1
16047	534.8588	1
16048	534.8921	1
16049	534.9254	1
16050	534.9588	1
16051	534.9921	1
16052	535.0254	1
16053	535.0588	1
16054	535.0921	1
16055	535.1254	1
16056	535.1588	1
16057	535.1921	1
16058	535.2254	1
16059	535.2588	1
16060	535.2921	1
16061	535.3254	1
16062	535.3588	1
16063	535.3921	1
16064	535.4254	1
16065	535.4588	1
16066	535.4921	1
16067	535.5254	1
16068	535.5588	1
16069	535.5921	1
16070	535.6254	1
16071	535.6588	1
16072	535.6921	1
16073	535.7254	1
16074	535.7588	1
16075	535.7921	1
16076	535.8254	1
16077	535.8588	1
16078	535.8921	1
16079	535.9254	1
16080	535.9588	1
16081	535.9921	1
16082	536.0254	1
16083	536.0588	1
16084	536.0921	1
16085	536.1254	1
16086	536.1588	1
16087	536.1921	1
16088	536.2254	1
16089	536.2588	1
16090	536.2921	1
16091	536.3254	1
16092	536.3588	1
16093	536.3921	1
16094	536.4254	1
16095	536.4588	1
16096	536.4921	1
16097	536.5254	1
16098	536.5588	1
16099	536.5921	1
16100	536.6254	1
16101	536.6587	1
16102	536.6921	1
16103	536.7254	1
16104	536.7587	1
16105	536.7921	1
16106	536.8254	1
16107	536.8587	1
16108	536.8921	1
16109	536.9254	1
16110	536.9587	1
16111	536.9921	1
16112	537.0254	1
16113	537.0587	1
16114	537.0921	1
16115	537.1254	1
16116	537.1587	1
16117	537.1921	1
16118	537.2254	1
16119	537.2587	1
16120	537.2921	1
16121	537.3254	1
16122	537.3587	1
16123	537.3921	1
16124	537.4254	1
16125	537.4587	1
16126	537.4921	1
16127	537.5254	1
16128	537.5587	1
16129	537.5921	1
16130	537.6254	1
16131	537.6587	1
16132	537.6921	1
16133	537.7254	1
16134	537.7587	1
16135	537.7921	1
16136	537.8254	1
16137	537.8587	1
16138	537.8921	1
16139	537.9254	1
16140	537.9587	1
16141	537.9921	1
16142	538.0254	1
16143	538.0587	1
16144	538.0921	1
16145	538.1254	1
16146	538.1587	1
16147	538.1921	1
16148	538.2254	1
16149	538.2587	1
16150	538.2921	1
16151	538.3254	1
16152	538.3587	1
16153	538.3921	1
16154	538.4254	1
16155	538.4587	1
16156	538.4921	1
16157	538.5254	1
16158	538.5587	1
16159	538.5921	1
16160	538.6254	1
16161	538.6587	1
16162	538.6921	1
16163	538.7254	1
16164	538.7587	1
16165	538.7921	1
16166	538.8254	1
16167	538.8587	1
16168	538.8920	1
16169	538.9254	1
16170	538.9587	1
16171	538.9920	1
16172	539.0254	1
16173	539.0587	1
16174	539.0920	1
16175	539.1254	1
16176	539.1587	1
16177	539.1920	1
16178	539.2254	1
16179	539.2587	1
16180	539.2920	1
16181	539.3254	1
16182	539.3587	1
16183	539.3920	1
16184	539.4254	1
16185	539.4587	1
16186	539.4920	1
16187	539.5254	1
16188	539.5587	1
16189	539.5920	1
16190	539.6254	1
16191	539.6587	1
16192	539.6920	1
16193	539.7254	1
16194	539.7587	1
16195	539.7920	1
16196	539.8254	1
16197	539.8587	1
16198	539.8920	1
16199	539.9254	1
16200	539.9587	1
16201	539.9920	1
16202	540.0254	1
16203	540.0587	1
16204	540.0920	1
16205	540.1254	1
16206	540.1587	0
16207	540.1920	0
16208	540.2254	0
16209	540.2587	0
16210	540.2920	0
16211	540.3254	0
16212	540.3587	0
16213	540.3920	0
16214	540.4254	0
16215	540.4587	0
16216	540.4920	0
16217	540.5254	0
16218	540.5587	0
16219	540.5920	0
16220	540.6254	0
16221	540.6587	0
16222	540.6920	0
16223	540.7254	0
16224	540.7587	0
16225	540.7920	0
16226	540.8254	0
16227	540.8587	0
16228	540.8920	0
16229	540.9254	0
16230	540.9587	0
16231	540.9920	0
16232	541.0254	0
16233	541.0587	0
16234	541.0920	0
16235	541.1254	0
16236	541.1587	0
16237	541.1920	0
16238	541.2253	0
16239	541.2587	0
16240	541.2920	0
16241	541.3253	0
16242	541.3587	0
16243	541.3920	0
16244	541.4253	0
16245	541.4587	0
16246	541.4920	0
16247	541.5253	1
16248	541.5587	1
16249	541.5920	1
16250	541.6253	1
16251	541.6587	1
16252	541.6920	1
16253	541.7253	1
16254	541.7587	1
16255	541.7920	1
16256	541.8253	1
16257	541.8587	1
16258	541.8920	1
16259	541.9253	1
16260	541.9587	1
16261	541.9920	1
16262	542.0253	1
16263	542.0587	1
16264	542.0920	1
16265	542.1253	1
16266	542.1587	0
16267	542.1920	0
16268	542.2253	0
16269	542.2587	0
16270	542.2920	0
16271	542.3253	0
16272	542.3587	0
16273	542.3920	0
16274	542.4253	0
16275	542.4587	0
16276	542.4920	0
16277	542.5253	0
16278	542.5587	0
16279	542.5920	0
16280	542.6253	0
16281	542.6587	0
16282	542.6920	0
16283	542.7253	0
16284	542.7587	0
16285	542.7920	0
16286	542.8253	0
16287	542.8587	0
16288	542.8920	0
16289	542.9253	0
16290	542.9587	0
16291	542.9920	0
16292	543.0253	0
16293	543.0587	1
16294	543.0920	1
16295	543.1253	1
16296	543.1587	1
16297	543.1920	1
16298	543.2253	1
16299	543.2587	1
16300	543.2920	1
16301	543.3253	1
16302	543.3587	1
16303	543.3920	1
16304	543.4253	1
16305	543.4586	1
16306	543.4920	1
16307	543.5253	1
16308	543.5586	1
16309	543.5920	1
16310	543.6253	1
16311	543.6586	1
16312	543.6920	1
16313	543.7253	1
16314	543.7586	1
16315	543.7920	1
16316	543.8253	1
16317	543.8586	1
16318	543.8920	1
16319	543.9253	1
16320	543.9586	1
16321	543.9920	1
16322	544.0253	1
16323	544.0586	1
16324	544.0920	1
16325	544.1253	1
16326	544.1586	1
16327	544.1920	1
16328	544.2253	1
16329	544.2586	1
16330	544.2920	1
16331	544.3253	1
16332	544.3586	1
16333	544.3920	1
16334	544.4253	1
16335	544.4586	1
16336	544.4920	1
16337	544.5253	1
16338	544.5586	1
16339	544.5920	0
16340	544.6253	0
16341	544.6586	0
16342	544.6920	0
16343	544.7253	0
16344	544.7586	0
16345	544.7920	0
16346	544.8253	0
16347	544.8586	0
16348	544.8920	0
16349	544.9253	0
16350	544.9586	0
16351	544.9920	0
16352	545.0253	0
16353	545.0586	0
16354	545.0920	0
16355	545.1253	0
16356	545.1586	0
16357	545.1920	0
16358	545.2253	0
16359	545.2586	0
16360	545.2920	0
16361	545.3253	0
16362	545.3586	0
16363	545.3920	0
16364	545.4253	0
16365	545.4586	0
16366	545.4920	0
16367	545.5253	0
16368	545.5586	0
16369	545.5920	0
16370	545.6253	0
16371	545.6586	0
16372	545.6919	0
16373	545.7253	0
16374	545.7586	0
16375	545.7919	0
16376	545.8253	0
16377	545.8586	0
16378	545.8919	0
16379	545.9253	0
16380	545.9586	0
16381	545.9919	0
16382	546.0253	0
16383	546.0586	0
16384	546.0919	0
16385	546.1253	0
16386	546.1586	0
16387	546.1919	0
16388	546.2253	0
16389	546.2586	0
16390	546.2919	0
16391	546.3253	0
16392	546.3586	0
16393	546.3919	0
16394	546.4253	0
16395	546.4586	0
16396	546.4919	0
16397	546.5253	0
16398	546.5586	0
16399	546.5919	0
16400	546.6253	0
16401	546.6586	0
16402	546.6919	0
16403	546.7253	0
16404	546.7586	0
16405	546.7919	0
16406	546.8253	0
16407	546.8586	0
16408	546.8919	0
16409	546.9253	0
16410	546.9586	0
16411	546.9919	0
16412	547.0253	0
16413	547.0586	0
16414	547.0919	0
16415	547.1253	0
16416	547.1586	0
16417	547.1919	1
16418	547.2253	1
16419	547.2586	1
16420	547.2919	1
16421	547.3253	1
16422	547.3586	1
16423	547.3919	1
16424	547.4253	1
16425	547.4586	1
16426	547.4919	1
16427	547.5253	1
16428	547.5586	1
16429	547.5919	1
16430	547.6253	1
16431	547.6586	1
16432	547.6919	1
16433	547.7253	1
16434	547.7586	1
16435	547.7919	1
16436	547.8253	1
16437	547.8586	1
16438	547.8919	1
16439	547.9253	1
16440	547.9586	1
16441	547.9919	1
16442	548.0252	1
16443	548.0586	1
16444	548.0919	1
16445	548.1252	1
16446	548.1586	1
16447	548.1919	1
16448	548.2252	1
16449	548.2586	1
16450	548.2919	1
16451	548.3252	1
16452	548.3586	1
16453	548.3919	1
16454	548.4252	1
16455	548.4586	1
16456	548.4919	1
16457	548.5252	1
16458	548.5586	1
16459	548.5919	1
16460	548.6252	1
16461	548.6586	1
16462	548.6919	1
16463	548.7252	1
16464	548.7586	1
16465	548.7919	1
16466	548.8252	1
16467	548.8586	1
16468	548.8919	1
16469	548.9252	1
16470	548.9586	1
16471	548.9919	1
16472	549.0252	1
16473	549.0586	1
16474	549.0919	1
16475	549.1252	1
16476	549.1586	1
16477	549.1919	1
16478	549.2252	1
16479	549.2586	1
16480	549.2919	1
16481	549.3252	1
16482	549.3586	1
16483	549.3919	1
16484	549.4252	1
16485	549.4586	1
16486	549.4919	1
16487	549.5252	1
16488	549.5586	1
16489	549.5919	1
16490	549.6252	1
16491	549.6586	1
16492	549.6919	1
16493	549.7252	1
16494	549.7586	1
16495	549.7919	1
16496	549.8252	1
16497	549.8586	1
16498	549.8919	1
16499	549.9252	1
16500	549.9586	1
16501	549.9919	1
16502	550.0252	1
16503	550.0586	1
16504	550.0919	1
16505	550.1252	1
16506	550.1586	1
16507	550.1919	1
16508	550.2252	1
16509	550.2585	1
16510	550.2919	1
16511	550.3252	1
16512	550.3585	1
16513	550.3919	1
16514	550.4252	1
16515	550.4585	1
16516	550.4919	1
16517	550.5252	1
16518	550.5585	1
16519	550.5919	1
16520	550.6252	1
16521	550.6585	1
16522	550.6919	1
16523	550.7252	1
16524	550.7585	1
16525	550.7919	1
16526	550.8252	1
16527	550.8585	1
16528	550.8919	1
16529	550.9252	1
16530	550.9585	1
16531	550.9919	1
16532	551.0252	1
16533	551.0585	1
16534	551.0919	1
16535	551.1252	1
16536	551.1585	1
16537	551.1919	1
16538	551.2252	1
16539	551.2585	1
16540	551.2919	1
16541	551.3252	1
16542	551.3585	1
16543	551.3919	1
16544	551.4252	1
16545	551.4585	1
16546	551.4919	1
16547	551.5252	1
16548	551.5585	1
16549	551.5919	1
16550	551.6252	1
16551	551.6585	1
16552	551.6919	1
16553	551.7252	1
16554	551.7585	1
16555	551.7919	1
16556	551.8252	1
16557	551.8585	1
16558	551.8919	1
16559	551.9252	1
16560	551.9585	1
16561	551.9919	1
16562	552.0252	1
16563	552.0585	1
16564	552.0919	1
16565	552.1252	0
16566	552.1585	0
16567	552.1919	0
16568	552.2252	0
16569	552.2585	0
16570	552.2919	0
16571	552.3252	0
16572	552.3585	0
16573	552.3919	0
16574	552.4252	0
16575	552.4585	0
16576	552.4918	0
16577	552.5252	0
16578	552.5585	0
16579	552.5918	0
16580	552.6252	0
16581	552.6585	0
16582	552.6918	0
16583	552.7252	0
16584	552.7585	0
16585	552.7918	0
16586	552.8252	0
16587	552.8585	0
16588	552.8918	0
16589	552.9252	0
16590	552.9585	0
16591	552.9918	0
16592	553.0252	0
16593	553.0585	0
16594	553.0918	0
16595	553.1252	0
16596	553.1585	0
16597	553.1918	0
16598	553.2252	0
16599	553.2585	0
16600	553.2918	0
16601	553.3252	0
16602	553.3585	0
16603	553.3918	0
16604	553.4252	0
16605	553.4585	0
16606	553.4918	0
16607	553.5252	0
16608	553.5585	0
16609	553.5918	0
16610	553.6252	0
16611	553.6585	0
16612	553.6918	0
16613	553.7252	0
16614	553.7585	0
16615	553.7918	0
16616	553.8252	0
16617	553.8585	0
16618	553.8918	0
16619	553.9252	0
16620	553.9585	0
16621	553.9918	0
16622	554.0252	0
16623	554.0585	0
16624	554.0918	0
16625	554.1252	0
16626	554.1585	0
16627	554.1918	0
16628	554.2252	0
16629	554.2585	0
16630	554.2918	0
16631	554.3252	0
16632	554.3585	0
16633	554.3918	0
16634	554.4252	0
16635	554.4585	0
16636	554.4918	0
16637	554.5252	0
16638	554.5585	0
16639	554.5918	0
16640	554.6252	0
16641	554.6585	0
16642	554.6918	0
16643	554.7251	0
16644	554.7585	0
16645	554.7918	0
16646	554.8251	0
16647	554.8585	0
16648	554.8918	0
16649	554.9251	0
16650	554.9585	0
16651	554.9918	0
16652	555.0251	0
16653	555.0585	0
16654	555.0918	0
16655	555.1251	0
16656	555.1585	0
16657	555.1918	0
16658	555.2251	0
16659	555.2585	0
16660	555.2918	0
16661	555.3251	0
16662	555.3585	0
16663	555.3918	0
16664	555.4251	0
16665	555.4585	0
16666	555.4918	0
16667	555.5251	0
16668	555.5585	0
16669	555.5918	0
16670	555.6251	0
16671	555.6585	0
16672	555.6918	0
16673	555.7251	0
16674	555.7585	0
16675	555.7918	0
16676	555.8251	0
16677	555.8585	0
16678	555.8918	0
16679	555.9251	0
16680	555.9585	0
16681	555.9918	0
16682	556.0251	0
16683	556.0585	0
16684	556.0918	0
16685	556.1251	0
16686	556.1585	0
16687	556.1918	0
16688	556.2251	0
16689	556.2585	0
16690	556.2918	0
16691	556.3251	0
16692	556.3585	0
16693	556.3918	0
16694	556.4251	0
16695	556.4585	0
16696	556.4918	0
16697	556.5251	0
16698	556.5585	0
16699	556.5918	0
16700	556.6251	0
16701	556.6585	0
16702	556.6918	0
16703	556.7251	0
16704	556.7585	0
16705	556.7918	0
16706	556.8251	0
16707	556.8585	0
16708	556.8918	0
16709	556.9251	0
16710	556.9585	0
16711	556.9918	0
16712	557.0251	0
16713	557.0584	0
16714	557.0918	0
16715	557.1251	0
16716	557.1584	0
16717	557.1918	0
16718	557.2251	0
16719	557.2584	0
16720	557.2918	0
16721	557.3251	0
16722	557.3584	0
16723	557.3918	0
16724	557.4251	0
16725	557.4584	0
16726	557.4918	0
16727	557.5251	0
16728	557.5584	0
16729	557.5918	0
16730	557.6251	0
16731	557.6584	0
16732	557.6918	0
16733	557.7251	0
16734	557.7584	0
16735	557.7918	0
16736	557.8251	0
16737	557.8584	0
16738	557.8918	0
16739	557.9251	0
16740	557.9584	0
16741	557.9918	0
16742	558.0251	0
16743	558.0584	0
16744	558.0918	0
16745	558.1251	0
16746	558.1584	0
16747	558.1918	0
16748	558.2251	0
16749	558.2584	0
16750	558.2918	0
16751	558.3251	0
16752	558.3584	0
16753	558.3918	0
16754	558.4251	0
16755	558.4584	0
16756	558.4918	0
16757	558.5251	0
16758	558.5584	0
16759	558.5918	0
16760	558.6251	0
16761	558.6584	0
16762	558.6918	0
16763	558.7251	0
16764	558.7584	0
16765	558.7918	0
16766	558.8251	0
16767	558.8584	0
16768	558.8918	0
16769	558.9251	0
16770	558.9584	0
16771	558.9918	0
16772	559.0251	0
16773	559.0584	0
16774	559.0918	0
16775	559.1251	0
16776	559.1584	0
16777	559.1918	0
16778	559.2251	0
16779	559.2584	0
16780	559.2917	0
16781	559.3251	0
16782	559.3584	0
16783	559.3917	0
16784	559.4251	0
16785	559.4584	0
16786	559.4917	0
16787	559.5251	0
16788	559.5584	0
16789	559.5917	0
16790	559.6251	0
16791	559.6584	0
16792	559.6917	0
16793	559.7251	0
16794	559.7584	0
16795	559.7917	0
16796	559.8251	0
16797	559.8584	0
16798	559.8917	0
16799	559.9251	0
16800	559.9584	0
16801	559.9917	0
16802	560.0251	0
16803	560.0584	0
16804	560.0917	0
16805	560.1251	0
16806	560.1584	0
16807	560.1917	0
16808	560.2251	0
16809	560.2584	0
16810	560.2917	0
16811	560.3251	0
16812	560.3584	0
16813	560.3917	0
16814	560.4251	0
16815	560.4584	0
16816	560.4917	0
16817	560.5251	0
16818	560.5584	0
16819	560.5917	0
16820	560.6251	0
16821	560.6584	0
16822	560.6917	0
16823	560.7251	0
16824	560.7584	0
16825	560.7917	0
16826	560.8251	0
16827	560.8584	0
16828	560.8917	0
16829	560.9251	0
16830	560.9584	0
16831	560.9917	0
16832	561.0251	0
16833	561.0584	0
16834	561.0917	0
16835	561.1251	0
16836	561.1584	0
16837	561.1917	0
16838	561.2251	0
16839	561.2584	0
16840	561.2917	0
16841	561.3251	0
16842	561.3584	0
16843	561.3917	0
16844	561.4251	0
16845	561.4584	0
16846	561.4917	0
16847	561.5250	0
16848	561.5584	0
16849	561.5917	0
16850	561.6250	0
16851	561.6584	0
16852	561.6917	0
16853	561.7250	0
16854	561.7584	0
16855	561.7917	0
16856	561.8250	0
16857	561.8584	0
16858	561.8917	0
16859	561.9250	0
16860	561.9584	0
16861	561.9917	0
16862	562.0250	0
16863	562.0584	0
16864	562.0917	0
16865	562.1250	0
16866	562.1584	0
16867	562.1917	0
16868	562.2250	0
16869	562.2584	0
16870	562.2917	0
16871	562.3250	0
16872	562.3584	0
16873	562.3917	0
16874	562.4250	0
16875	562.4584	0
16876	562.4917	0
16877	562.5250	0
16878	562.5584	0
16879	562.5917	0
16880	562.6250	0
16881	562.6584	0
16882	562.6917	0
16883	562.7250	0
16884	562.7584	0
16885	562.7917	0
16886	562.8250	0
16887	562.8584	0
16888	562.8917	0
16889	562.9250	0
16890	562.9584	0
16891	562.9917	0
16892	563.0250	0
16893	563.0584	0
16894	563.0917	0
16895	563.1250	0
16896	563.1584	0
16897	563.1917	0
16898	563.2250	0
16899	563.2584	0
16900	563.2917	0
16901	563.3250	0
16902	563.3584	0
16903	563.3917	0
16904	563.4250	0
16905	563.4584	0
16906	563.4917	0
16907	563.5250	0
16908	563.5584	0
16909	563.5917	0
16910	563.6250	0
16911	563.6584	0
16912	563.6917	0
16913	563.7250	0
16914	563.7583	0
16915	563.7917	0
16916	563.8250	0
16917	563.8583	0
16918	563.8917	0
16919	563.9250	0
16920	563.9583	0
16921	563.9917	0
16922	564.0250	0
16923	564.0583	0
16924	564.0917	0
16925	564.1250	0
16926	564.1583	0
16927	564.1917	0
16928	564.2250	0
16929	564.2583	0
16930	564.2917	0
16931	564.3250	0
16932	564.3583	0
16933	564.3917	0
16934	564.4250	0
16935	564.4583	0
16936	564.4917	0
16937	564.5250	0
16938	564.5583	0
16939	564.5917	0
16940	564.6250	0
16941	564.6583	0
16942	564.6917	0
16943	564.7250	0
16944	564.7583	0
16945	564.7917	0
16946	564.8250	0
16947	564.8583	0
16948	564.8917	0
16949	564.9250	0
16950	564.9583	0
16951	564.9917	0
16952	565.0250	0
16953	565.0583	0
16954	565.0917	0
16955	565.1250	0
16956	565.1583	0
16957	565.1917	0
16958	565.2250	0
16959	565.2583	0
16960	565.2917	0
16961	565.3250	0
16962	565.3583	0
16963	565.3917	0
16964	565.4250	0
16965	565.4583	0
16966	565.4917	0
16967	565.5250	0
16968	565.5583	0
16969	565.5917	0
16970	565.6250	0
16971	565.6583	0
16972	565.6917	0
16973	565.7250	0
16974	565.7583	0
16975	565.7917	0
16976	565.8250	0
16977	565.8583	0
16978	565.8917	0
16979	565.9250	0
16980	565.9583	0
16981	565.9917	0
16982	566.0250	0
16983	566.0583	0
16984	566.0916	0
16985	566.1250	0
16986	566.1583	0
16987	566.1916	0
16988	566.2250	0
16989	566.2583	0
16990	566.2916	0
16991	566.3250	0
16992	566.3583	0
16993	566.3916	0
16994	566.4250	0
16995	566.4583	0
16996	566.4916	0
16997	566.5250	0
16998	566.5583	0
16999	566.5916	0
17000	566.6250	0
17001	566.6583	0
17002	566.6916	0
17003	566.7250	0
17004	566.7583	0
17005	566.7916	0
17006	566.8250	0
17007	566.8583	0
17008	566.8916	0
17009	566.9250	0
17010	566.9583	0
17011	566.9916	0
17012	567.0250	0
17013	567.0583	0
17014	567.0916	0
17015	567.1250	0
17016	567.1583	0
17017	567.1916	0
17018	567.2250	0
17019	567.2583	0
17020	567.2916	0
17021	567.3250	0
17022	567.3583	0
17023	567.3916	0
17024	567.4250	0
17025	567.4583	0
17026	567.4916	0
17027	567.5250	0
17028	567.5583	0
17029	567.5916	0
17030	567.6250	0
17031	567.6583	0
17032	567.6916	0
17033	567.7250	0
17034	567.7583	0
17035	567.7916	0
17036	567.8250	0
17037	567.8583	0
17038	567.8916	0
17039	567.9250	0
17040	567.9583	0
17041	567.9916	0
17042	568.0250	0
17043	568.0583	0
17044	568.0916	0
17045	568.1250	0
17046	568.1583	0
17047	568.1916	0
17048	568.2250	0
17049	568.2583	0
17050	568.2916	0
17051	568.3249	0
17052	568.3583	0
17053	568.3916	1
17054	568.4249	1
17055	568.4583	1
17056	568.4916	1
17057	568.5249	1
17058	568.5583	1
17059	568.5916	1
17060	568.6249	1
17061	568.6583	1
17062	568.6916	1
17063	568.7249	1
17064	568.7583	1
17065	568.7916	1
17066	568.8249	1
17067	568.8583	1
17068	568.8916	1
17069	568.9249	0
17070	568.9583	0
17071	568.9916	0
17072	569.0249	0
17073	569.0583	0
17074	569.0916	0
17075	569.1249	0
17076	569.1583	0
17077	569.1916	0
17078	569.2249	0
17079	569.2583	0
17080	569.2916	0
17081	569.3249	0
17082	569.3583	0
17083	569.3916	0
17084	569.4249	0
17085	569.4583	0
17086	569.4916	0
17087	569.5249	0
17088	569.5583	0
17089	569.5916	0
17090	569.6249	0
17091	569.6583	0
17092	569.6916	0
17093	569.7249	0
17094	569.7583	0
17095	569.7916	0
17096	569.8249	0
17097	569.8583	0
17098	569.8916	0
17099	569.9249	0
17100	569.9583	0
17101	569.9916	0
17102	570.0249	0
17103	570.0583	0
17104	570.0916	0
17105	570.1249	0
17106	570.1583	0
17107	570.1916	0
17108	570.2249	0
17109	570.2583	0
17110	570.2916	0
17111	570.3249	0
17112	570.3583	0
17113	570.3916	0
17114	570.4249	0
17115	570.4583	0
17116	570.4916	0
17117	570.5249	0
17118	570.5582	0
17119	570.5916	0
17120	570.6249	0
17121	570.6582	0
17122	570.6916	0
17123	570.7249	0
17124	570.7582	0
17125	570.7916	0
17126	570.8249	0
17127	570.8582	0
17128	570.8916	0
17129	570.9249	0
17130	570.9582	0
17131	570.9916	0
17132	571.0249	0
17133	571.0582	0
17134	571.0916	0
17135	571.1249	0
17136	571.1582	0
17137	571.1916	0
17138	571.2249	0
17139	571.2582	0
17140	571.2916	0
17141	571.3249	0
17142	571.3582	0
17143	571.3916	0
17144	571.4249	0
17145	571.4582	0
17146	571.4916	0
17147	571.5249	0
17148	571.5582	0
17149	571.5916	0
17150	571.6249	0
17151	571.6582	0
17152	571.6916	0
17153	571.7249	0
17154	571.7582	0
17155	571.7916	0
17156	571.8249	0
17157	571.8582	0
17158	571.8916	0
17159	571.9249	0
17160	571.9582	0
17161	571.9916	0
17162	572.0249	0
17163	572.0582	0
17164	572.0916	0
17165	572.1249	1
17166	572.1582	1
17167	572.1916	1
17168	572.2249	1
17169	572.2582	1
17170	572.2916	1
17171	572.3249	1
17172	572.3582	1
17173	572.3916	1
17174	572.4249	1
17175	572.4582	1
17176	572.4916	1
17177	572.5249	1
17178	572.5582	1
17179	572.5916	1
17180	572.6249	1
17181	572.6582	1
17182	572.6916	1
17183	572.7249	1
17184	572.7582	0
17185	572.7915	0
17186	572.8249	0
17187	572.8582	0
17188	572.8915	0
17189	572.9249	0
17190	572.9582	0
17191	572.9915	0
17192	573.0249	0
17193	573.0582	0
17194	573.0915	0
17195	573.1249	0
17196	573.1582	0
17197	573.1915	0
17198	573.2249	0
17199	573.2582	0
17200	573.2915	0
17201	573.3249	0
17202	573.3582	0
17203	573.3915	0
17204	573.4249	0
17205	573.4582	0
17206	573.4915	0
17207	573.5249	0
17208	573.5582	0
17209	573.5915	0
17210	573.6249	0
17211	573.6582	0
17212	573.6915	0
17213	573.7249	0
17214	573.7582	0
17215	573.7915	0
17216	573.8249	0
17217	573.8582	0
17218	573.8915	0
17219	573.9249	0
17220	573.9582	0
17221	573.9915	0
17222	574.0249	0
17223	574.0582	0
17224	574.0915	0
17225	574.1249	0
17226	574.1582	0
17227	574.1915	0
17228	574.2249	0
17229	574.2582	0
17230	574.2915	0
17231	574.3249	0
17232	574.3582	0
17233	574.3915	0
17234	574.4249	0
17235	574.4582	0
17236	574.4915	0
17237	574.5249	0
17238	574.5582	0
17239	574.5915	0
17240	574.6249	0
17241	574.6582	0
17242	574.6915	0
17243	574.7249	0
17244	574.7582	0
17245	574.7915	0
17246	574.8249	0
17247	574.8582	0
17248	574.8915	0
17249	574.9249	0
17250	574.9582	0
17251	574.9915	0
17252	575.0249	0
17253	575.0582	0
17254	575.0915	0
17255	575.1248	0
17256	575.1582	0
17257	575.1915	0
17258	575.2248	0
17259	575.2582	0
17260	575.2915	0
17261	575.3248	0
17262	575.3582	0
17263	575.3915	0
17264	575.4248	0
17265	575.4582	0
17266	575.4915	0
17267	575.5248	0
17268	575.5582	0
17269	575.5915	0
17270	575.6248	0
17271	575.6582	0
17272	575.6915	0
17273	575.7248	0
17274	575.7582	0
17275	575.7915	0
17276	575.8248	0
17277	575.8582	0
17278	575.8915	0
17279	575.9248	0
17280	575.9582	0
17281	575.9915	0
17282	576.0248	0
17283	576.0582	0
17284	576.0915	0
17285	576.1248	0
17286	576.1582	0
17287	576.1915	0
17288	576.2248	0
17289	576.2582	0
17290	576.2915	0
17291	576.3248	0
17292	576.3582	0
17293	576.3915	0
17294	576.4248	0
17295	576.4582	0
17296	576.4915	0
17297	576.5248	0
17298	576.5582	0
17299	576.5915	0
17300	576.6248	0
17301	576.6582	0
17302	576.6915	0
17303	576.7248	0
17304	576.7582	0
17305	576.7915	1
17306	576.8248	1
17307	576.8582	1
17308	576.8915	1
17309	576.9248	1
17310	576.9582	1
17311	576.9915	1
17312	577.0248	1
17313	577.0582	1
17314	577.0915	1
17315	577.1248	1
17316	577.1582	0
17317	577.1915	0
17318	577.2248	0
17319	577.2582	0
17320	577.2915	0
17321	577.3248	0
17322	577.3581	0
17323	577.3915	0
17324	577.4248	0
17325	577.4581	0
17326	577.4915	0
17327	577.5248	0
17328	577.5581	0
17329	577.5915	0
17330	577.6248	0
17331	577.6581	0
17332	577.6915	0
17333	577.7248	0
17334	577.7581	0
17335	577.7915	0
17336	577.8248	0
17337	577.8581	0
17338	577.8915	0
17339	577.9248	0
17340	577.9581	0
17341	577.9915	0
17342	578.0248	0
17343	578.0581	0
17344	578.0915	0
17345	578.1248	0
17346	578.1581	0
17347	578.1915	0
17348	578.2248	0
17349	578.2581	0
17350	578.2915	0
17351	578.3248	0
17352	578.3581	0
17353	578.3915	0
17354	578.4248	0
17355	578.4581	0
17356	578.4915	0
17357	578.5248	0
17358	578.5581	0
17359	578.5915	0
17360	578.6248	0
17361	578.6581	0
17362	578.6915	0
17363	578.7248	0
17364	578.7581	0
17365	578.7915	0
17366	578.8248	0
17367	578.8581	0
17368	578.8915	0
17369	578.9248	0
17370	578.9581	0
17371	578.9915	0
17372	579.0248	0
17373	579.0581	0
17374	579.0915	0
17375	579.1248	0
17376	579.1581	0
17377	579.1915	0
17378	579.2248	1
17379	579.2581	1
17380	579.2915	1
17381	579.3248	1
17382	579.3581	1
17383	579.3915	1
17384	579.4248	1
17385	579.4581	1
17386	579.4915	1
17387	579.5248	1
17388	579.5581	1
17389	579.5914	1
17390	579.6248	1
17391	579.6581	1
17392	579.6914	1
17393	579.7248	1
17394	579.7581	1
17395	579.7914	1
17396	579.8248	1
17397	579.8581	1
17398	579.8914	1
17399	579.9248	1
17400	579.9581	1
17401	579.9914	1
17402	580.0248	1
17403	580.0581	1
17404	580.0914	1
17405	580.1248	1
17406	580.1581	1
17407	580.1914	1
17408	580.2248	1
17409	580.2581	1
17410	580.2914	1
17411	580.3248	1
17412	580.3581	0
17413	580.3914	0
17414	580.4248	0
17415	580.4581	0
17416	580.4914	0
17417	580.5248	0
17418	580.5581	0
17419	580.5914	0
17420	580.6248	0
17421	580.6581	0
17422	580.6914	0
17423	580.7248	0
17424	580.7581	0
17425	580.7914	0
17426	580.8248	0
17427	580.8581	0
17428	580.8914	0
17429	580.9248	0
17430	580.9581	0
17431	580.9914	0
17432	581.0248	1
17433	581.0581	1
17434	581.0914	1
17435	581.1248	1
17436	581.1581	1
17437	581.1914	1
17438	581.2248	1
17439	581.2581	1
17440	581.2914	1
17441	581.3248	1
17442	581.3581	1
17443	581.3914	1
17444	581.4248	1
17445	581.4581	1
17446	581.4914	1
17447	581.5248	1
17448	581.5581	1
17449	581.5914	1
17450	581.6248	1
17451	581.6581	1
17452	581.6914	1
17453	581.7248	1
17454	581.7581	1
17455	581.7914	1
17456	581.8247	1
17457	581.8581	1
17458	581.8914	1
17459	581.9247	1
17460	581.9581	1
17461	581.9914	1
17462	582.0247	1
17463	582.0581	1
17464	582.0914	1
17465	582.1247	1
17466	582.1581	1
17467	582.1914	1
17468	582.2247	1
17469	582.2581	1
17470	582.2914	1
17471	582.3247	1
17472	582.3581	1
17473	582.3914	1
17474	582.4247	1
17475	582.4581	1
17476	582.4914	1
17477	582.5247	1
17478	582.5581	1
17479	582.5914	1
17480	582.6247	1
17481	582.6581	1
17482	582.6914	1
17483	582.7247	1
17484	582.7581	1
17485	582.7914	1
17486	582.8247	1
17487	582.8581	1
17488	582.8914	1
17489	582.9247	1
17490	582.9581	1
17491	582.9914	1
17492	583.0247	1
17493	583.0581	1
17494	583.0914	1
17495	583.1247	1
17496	583.1581	1
17497	583.1914	1
17498	583.2247	1
17499	583.2581	1
17500	583.2914	1
17501	583.3247	1
17502	583.3581	1
17503	583.3914	1
17504	583.4247	1
17505	583.4581	1
17506	583.4914	1
17507	583.5247	1
17508	583.5581	1
17509	583.5914	1
17510	583.6247	1
17511	583.6581	1
17512	583.6914	1
17513	583.7247	1
17514	583.7581	1
17515	583.7914	1
17516	583.8247	1
17517	583.8581	1
17518	583.8914	1
17519	583.9247	1
17520	583.9581	1
17521	583.9914	1
17522	584.0247	1
17523	584.0581	1
17524	584.0914	1
17525	584.1247	1
17526	584.1580	1
17527	584.1914	1
17528	584.2247	1
17529	584.2580	1
17530	584.2914	1
17531	584.3247	1
17532	584.3580	1
17533	584.3914	1
17534	584.4247	0
17535	584.4580	0
17536	584.4914	0
17537	584.5247	0
17538	584.5580	0
17539	584.5914	0
17540	584.6247	0
17541	584.6580	0
17542	584.6914	0
17543	584.7247	0
17544	584.7580	0
17545	584.7914	0
17546	584.8247	0
17547	584.8580	0
17548	584.8914	0
17549	584.9247	0
17550	584.9580	0
17551	584.9914	0
17552	585.0247	0
17553	585.0580	0
17554	585.0914	0
17555	585.1247	0
17556	585.1580	0
17557	585.1914	0
17558	585.2247	0
17559	585.2580	0
17560	585.2914	0
17561	585.3247	0
17562	585.3580	0
17563	585.3914	0
17564	585.4247	0
17565	585.4580	0
17566	585.4914	0
17567	585.5247	1
17568	585.5580	1
17569	585.5914	1
17570	585.6247	1
17571	585.6580	1
17572	585.6914	1
17573	585.7247	1
17574	585.7580	1
17575	585.7914	1
17576	585.8247	1
17577	585.8580	1
17578	585.8914	1
17579	585.9247	1
17580	585.9580	1
17581	585.9914	0
17582	586.0247	0
17583	586.0580	0
17584	586.0914	0
17585	586.1247	0
17586	586.1580	0
17587	586.1914	0
17588	586.2247	0
17589	586.2580	0
17590	586.2914	0
17591	586.3247	0
17592	586.3580	0
17593	586.3913	0
17594	586.4247	0
17595	586.4580	0
17596	586.4913	0
17597	586.5247	0
17598	586.5580	0
17599	586.5913	0
17600	586.6247	0
17601	586.6580	0
17602	586.6913	0
17603	586.7247	0
17604	586.7580	0
17605	586.7913	0
17606	586.8247	0
17607	586.8580	0
17608	586.8913	0
17609	586.9247	0
17610	586.9580	0
17611	586.9913	0
17612	587.0247	0
17613	587.0580	0
17614	587.0913	0
17615	587.1247	0
17616	587.1580	0
17617	587.1913	0
17618	587.2247	0
17619	587.2580	0
17620	587.2913	0
17621	587.3247	1
17622	587.3580	1
17623	587.3913	1
17624	587.4247	1
17625	587.4580	1
17626	587.4913	1
17627	587.5247	1
17628	587.5580	1
17629	587.5913	1
17630	587.6247	1
17631	587.6580	1
17632	587.6913	1
17633	587.7247	1
17634	587.7580	1
17635	587.7913	1
17636	587.8247	1
17637	587.8580	1
17638	587.8913	1
17639	587.9247	1
17640	587.9580	1
17641	587.9913	1
17642	588.0247	1
17643	588.0580	1
17644	588.0913	1
17645	588.1247	1
17646	588.1580	1
17647	588.1913	1
17648	588.2247	1
17649	588.2580	1
17650	588.2913	1
17651	588.3247	1
17652	588.3580	1
17653	588.3913	1
17654	588.4247	1
17655	588.4580	1
17656	588.4913	1
17657	588.5247	1
17658	588.5580	1
17659	588.5913	0
17660	588.6246	0
17661	588.6580	0
17662	588.6913	0
17663	588.7246	0
17664	588.7580	0
17665	588.7913	0
17666	588.8246	0
17667	588.8580	1
17668	588.8913	1
17669	588.9246	1
17670	588.9580	1
17671	588.9913	1
17672	589.0246	1
17673	589.0580	1
17674	589.0913	1
17675	589.1246	1
17676	589.1580	1
17677	589.1913	1
17678	589.2246	1
17679	589.2580	1
17680	589.2913	1
17681	589.3246	1
17682	589.3580	1
17683	589.3913	1
17684	589.4246	1
17685	589.4580	1
17686	589.4913	1
17687	589.5246	1
17688	589.5580	1
17689	589.5913	1
17690	589.6246	1
17691	589.6580	1
17692	589.6913	1
17693	589.7246	1
17694	589.7580	1
17695	589.7913	1
17696	589.8246	1
17697	589.8580	1
17698	589.8913	1
17699	589.9246	1
17700	589.9580	1
17701	589.9913	1
17702	590.0246	1
17703	590.0580	1
17704	590.0913	1
17705	590.1246	1
17706	590.1580	1
17707	590.1913	1
17708	590.2246	1
17709	590.2580	1
17710	590.2913	1
17711	590.3246	1
17712	590.3580	0
17713	590.3913	0
17714	590.4246	0
17715	590.4580	0
17716	590.4913	0
17717	590.5246	0
17718	590.5580	0
17719	590.5913	0
17720	590.6246	0
17721	590.6580	0
17722	590.6913	0
17723	590.7246	0
17724	590.7580	0
17725	590.7913	0
17726	590.8246	0
17727	590.8579	0
17728	590.8913	1
17729	590.9246	1
17730	590.9579	1
17731	590.9913	1
17732	591.0246	1
17733	591.0579	1
17734	591.0913	1
17735	591.1246	1
17736	591.1579	1
17737	591.1913	1
17738	591.2246	1
17739	591.2579	1
17740	591.2913	1
17741	591.3246	1
17742	591.3579	1
17743	591.3913	1
17744	591.4246	1
17745	591.4579	1
17746	591.4913	1
17747	591.5246	1
17748	591.5579	1
17749	591.5913	1
17750	591.6246	0
17751	591.6579	0
17752	591.6913	0
17753	591.7246	0
17754	591.7579	0
17755	591.7913	0
17756	591.8246	0
17757	591.8579	0
17758	591.8913	0
17759	591.9246	0
17760	591.9579	0
17761	591.9913	0
17762	592.0246	0
17763	592.0579	0
17764	592.0913	0
17765	592.1246	0
17766	592.1579	0
17767	592.1913	0
17768	592.2246	0
17769	592.2579	0
17770	592.2913	0
17771	592.3246	0
17772	592.3579	0
17773	592.3913	0
17774	592.4246	0
17775	592.4579	0
17776	592.4913	0
17777	592.5246	0
17778	592.5579	0
17779	592.5913	0
17780	592.6246	0
17781	592.6579	0
17782	592.6913	0
17783	592.7246	0
17784	592.7579	0
17785	592.7913	0
17786	592.8246	0
17787	592.8579	0
17788	592.8913	0
17789	592.9246	0
17790	592.9579	0
17791	592.9913	0
17792	593.0246	0
17793	593.0579	0
17794	593.0913	0
17795	593.1246	0
17796	593.1579	0
17797	593.1912	0
17798	593.2246	1
17799	593.2579	1
17800	593.2912	1
17801	593.3246	1
17802	593.3579	1
17803	593.3912	1
17804	593.4246	1
17805	593.4579	1
17806	593.4912	1
17807	593.5246	1
17808	593.5579	1
17809	593.5912	1
17810	593.6246	1
17811	593.6579	1
17812	593.6912	1
17813	593.7246	1
17814	593.7579	1
17815	593.7912	1
17816	593.8246	1
17817	593.8579	1
17818	593.8912	1
17819	593.9246	1
17820	593.9579	1
17821	593.9912	1
17822	594.0246	1
17823	594.0579	1
17824	594.0912	1
17825	594.1246	1
17826	594.1579	1
17827	594.1912	1
17828	594.2246	1
17829	594.2579	1
17830	594.2912	1
17831	594.3246	1
17832	594.3579	1
17833	594.3912	1
17834	594.4246	1
17835	594.4579	1
17836	594.4912	1
17837	594.5246	1
17838	594.5579	1
17839	594.5912	1
17840	594.6246	1
17841	594.6579	1
17842	594.6912	1
17843	594.7246	1
17844	594.7579	1
17845	594.7912	1
17846	594.8246	1
17847	594.8579	1
17848	594.8912	1
17849	594.9246	1
17850	594.9579	1
17851	594.9912	1
17852	595.0246	1
17853	595.0579	1
17854	595.0912	1
17855	595.1246	1
17856	595.1579	1
17857	595.1912	1
17858	595.2246	1
17859	595.2579	1
17860	595.2912	1
17861	595.3246	1
17862	595.3579	1
17863	595.3912	1
17864	595.4245	1
17865	595.4579	1
17866	595.4912	1
17867	595.5245	1
17868	595.5579	1
17869	595.5912	1
17870	595.6245	1
17871	595.6579	1
17872	595.6912	1
17873	595.7245	1
17874	595.7579	1
17875	595.7912	1
17876	595.8245	1
17877	595.8579	1
17878	595.8912	1
17879	595.9245	1
17880	595.9579	1
17881	595.9912	1
17882	596.0245	1
17883	596.0579	1
17884	596.0912	1
17885	596.1245	1
17886	596.1579	1
17887	596.1912	1
17888	596.2245	1
17889	596.2579	1
17890	596.2912	1
17891	596.3245	1
17892	596.3579	1
17893	596.3912	1
17894	596.4245	1
17895	596.4579	1
17896	596.4912	1
17897	596.5245	1
17898	596.5579	1
17899	596.5912	1
17900	596.6245	1
17901	596.6579	1
17902	596.6912	1
17903	596.7245	1
17904	596.7579	1
17905	596.7912	1
17906	596.8245	1
17907	596.8579	1
17908	596.8912	0
17909	596.9245	0
17910	596.9579	0
17911	596.9912	0
17912	597.0245	0
17913	597.0579	0
17914	597.0912	0
17915	597.1245	0
17916	597.1579	0
17917	597.1912	0
17918	597.2245	0
17919	597.2579	0
17920	597.2912	0
17921	597.3245	0
17922	597.3579	0
17923	597.3912	0
17924	597.4245	0
17925	597.4579	0
17926	597.4912	0
17927	597.5245	0
17928	597.5579	0
17929	597.5912	0
17930	597.6245	0
17931	597.6578	0
17932	597.6912	0
17933	597.7245	0
17934	597.7578	0
17935	597.7912	0
17936	597.8245	0
17937	597.8578	0
17938	597.8912	0
17939	597.9245	0
17940	597.9578	0
17941	597.9912	0
17942	598.0245	0
17943	598.0578	0
17944	598.0912	0
17945	598.1245	0
17946	598.1578	0
17947	598.1912	0
17948	598.2245	0
17949	598.2578	0
17950	598.2912	0
17951	598.3245	0
17952	598.3578	0
17953	598.3912	0
17954	598.4245	0
17955	598.4578	0
17956	598.4912	0
17957	598.5245	0
17958	598.5578	0
17959	598.5912	0
17960	598.6245	0
17961	598.6578	0
17962	598.6912	0
17963	598.7245	0
17964	598.7578	0
17965	598.7912	0
17966	598.8245	0
17967	598.8578	0
17968	598.8912	0
17969	598.9245	0
17970	598.9578	0
17971	598.9912	0
17972	599.0245	0
17973	599.0578	0
17974	599.0912	0
17975	599.1245	0
17976	599.1578	0
17977	599.1912	0
17978	599.2245	0
17979	599.2578	0
17980	599.2912	0
17981	599.3245	0
17982	599.3578	0
17983	599.3912	0
17984	599.4245	0
17985	599.4578	0
17986	599.4912	0
17987	599.5245	0
17988	599.5578	0
17989	599.5912	0
17990	599.6245	0
17991	599.6578	0
17992	599.6912	0
17993	599.7245	0
17994	599.7578	0
17995	599.7912	0
17996	599.8245	0
17997	599.8578	0
17998	599.8912	0
17999	599.9245	0
18000	599.9578	0
18001	599.9911	0
18002	600.0245	0
18003	600.0578	0
18004	600.0911	0
18005	600.1245	0
18006	600.1578	0
18007	600.1911	0
18008	600.2245	0
18009	600.2578	0
18010	600.2911	0
18011	600.3245	0
18012	600.3578	0
18013	600.3911	0
18014	600.4245	0
18015	600.4578	0
18016	600.4911	0
18017	600.5245	0
18018	600.5578	1
18019	600.5911	1
18020	600.6245	1
18021	600.6578	1
18022	600.6911	1
18023	600.7245	1
18024	600.7578	1
18025	600.7911	1
18026	600.8245	1
18027	600.8578	1
18028	600.8911	1
18029	600.9245	1
18030	600.9578	1
18031	600.9911	1
18032	601.0245	1
18033	601.0578	1
18034	601.0911	1
18035	601.1245	1
18036	601.1578	1
18037	601.1911	1
18038	601.2245	1
18039	601.2578	1
18040	601.2911	1
18041	601.3245	1
18042	601.3578	1
18043	601.3911	1
18044	601.4245	1
18045	601.4578	1
18046	601.4911	1
18047	601.5245	1
18048	601.5578	1
18049	601.5911	1
18050	601.6245	1
18051	601.6578	1
18052	601.6911	1
18053	601.7245	1
18054	601.7578	1
18055	601.7911	1
18056	601.8245	1
18057	601.8578	1
18058	601.8911	1
18059	601.9245	1
18060	601.9578	1
18061	601.9911	1
18062	602.0245	1
18063	602.0578	1
18064	602.0911	1
18065	602.1245	1
18066	602.1578	1
18067	602.1911	1
18068	602.2244	1
18069	602.2578	1
18070	602.2911	1
18071	602.3244	1
18072	602.3578	1
18073	602.3911	1
18074	602.4244	1
18075	602.4578	1
18076	602.4911	1
18077	602.5244	1
18078	602.5578	1
18079	602.5911	1
18080	602.6244	1
18081	602.6578	1
18082	602.6911	1
18083	602.7244	1
18084	602.7578	1
18085	602.7911	1
18086	602.8244	1
18087	602.8578	1
18088	602.8911	1
18089	602.9244	1
18090	602.9578	1
18091	602.9911	1
18092	603.0244	1
18093	603.0578	1
18094	603.0911	1
18095	603.1244	1
18096	603.1578	1
18097	603.1911	1
18098	603.2244	1
18099	603.2578	1
18100	603.2911	1
18101	603.3244	1
18102	603.3578	1
18103	603.3911	1
18104	603.4244	1
18105	603.4578	1
18106	603.4911	1
18107	603.5244	1
18108	603.5578	1
18109	603.5911	1
18110	603.6244	1
18111	603.6578	1
18112	603.6911	1
18113	603.7244	1
18114	603.7578	0
18115	603.7911	0
18116	603.8244	0
18117	603.8578	0
18118	603.8911	0
18119	603.9244	0
18120	603.9578	0
18121	603.9911	0
18122	604.0244	0
18123	604.0578	0
18124	604.0911	0
18125	604.1244	0
18126	604.1578	0
18127	604.1911	0
18128	604.2244	0
18129	604.2578	0
18130	604.2911	0
18131	604.3244	0
18132	604.3578	0
18133	604.3911	0
18134	604.4244	0
18135	604.4577	0
18136	604.4911	0
18137	604.5244	0
18138	604.5577	0
18139	604.5911	0
18140	604.6244	0
18141	604.6577	0
18142	604.6911	0
18143	604.7244	0
18144	604.7577	0
18145	604.7911	1
18146	604.8244	1
18147	604.8577	1
18148	604.8911	1
18149	604.9244	1
18150	604.9577	1
18151	604.9911	1
18152	605.0244	1
18153	605.0577	1
18154	605.0911	1
18155	605.1244	1
18156	605.1577	1
18157	605.1911	1
18158	605.2244	1
18159	605.2577	1
18160	605.2911	1
18161	605.3244	1
18162	605.3577	1
18163	605.3911	1
18164	605.4244	1
18165	605.4577	1
18166	605.4911	1
18167	605.5244	1
18168	605.5577	1
18169	605.5911	1
18170	605.6244	1
18171	605.6577	0
18172	605.6911	0
18173	605.7244	0
18174	605.7577	0
18175	605.7911	0
18176	605.8244	0
18177	605.8577	0
18178	605.8911	0
18179	605.9244	0
18180	605.9577	0
18181	605.9911	0
18182	606.0244	0
18183	606.0577	0
18184	606.0911	0
18185	606.1244	0
18186	606.1577	0
18187	606.1911	0
18188	606.2244	0
18189	606.2577	0
18190	606.2911	0
18191	606.3244	0
18192	606.3577	0
18193	606.3911	0
18194	606.4244	0
18195	606.4577	1
18196	606.4911	1
18197	606.5244	1
18198	606.5577	1
18199	606.5911	1
18200	606.6244	1
18201	606.6577	1
18202	606.6910	1
18203	606.7244	1
18204	606.7577	1
18205	606.7910	1
18206	606.8244	1
18207	606.8577	1
18208	606.8910	1
18209	606.9244	1
18210	606.9577	1
18211	606.9910	1
18212	607.0244	1
18213	607.0577	1
18214	607.0910	1
18215	607.1244	1
18216	607.1577	1
18217	607.1910	1
18218	607.2244	1
18219	607.2577	1
18220	607.2910	1
18221	607.3244	1
18222	607.3577	1
18223	607.3910	1
18224	607.4244	1
18225	607.4577	1
18226	607.4910	1
18227	607.5244	1
18228	607.5577	1
18229	607.5910	1
18230	607.6244	1
18231	607.6577	1
18232	607.6910	1
18233	607.7244	1
18234	607.7577	1
18235	607.7910	1
18236	607.8244	1
18237	607.8577	1
18238	607.8910	1
18239	607.9244	0
18240	607.9577	0
18241	607.9910	0
18242	608.0244	0
18243	608.0577	0
18244	608.0910	0
18245	608.1244	0
18246	608.1577	0
18247	608.1910	0
18248	608.2244	0
18249	608.2577	0
18250	608.2910	0
18251	608.3244	0
18252	608.3577	0
18253	608.3910	0
18254	608.4244	0
18255	608.4577	0
18256	608.4910	0
18257	608.5244	0
18258	608.5577	0
18259	608.5910	0
18260	608.6244	0
18261	608.6577	0
18262	608.6910	0
18263	608.7244	0
18264	608.7577	0
18265	608.7910	0
18266	608.8244	0
18267	608.8577	0
18268	608.8910	0
18269	608.9244	0
18270	608.9577	0
18271	608.9910	0
18272	609.0243	0
18273	609.0577	0
18274	609.0910	0
18275	609.1243	0
18276	609.1577	0
18277	609.1910	0
18278	609.2243	0
18279	609.2577	0
18280	609.2910	0
18281	609.3243	0
18282	609.3577	0
18283	609.3910	0
18284	609.4243	0
18285	609.4577	0
18286	609.4910	0
18287	609.5243	0
18288	609.5577	0
18289	609.5910	0
18290	609.6243	0
18291	609.6577	0
18292	609.6910	0
18293	609.7243	0
18294	609.7577	0
18295	609.7910	0
18296	609.8243	0
18297	609.8577	0
18298	609.8910	0
18299	609.9243	0
18300	609.9577	0
18301	609.9910	1
18302	610.0243	1
18303	610.0577	1
18304	610.0910	1
18305	610.1243	1
18306	610.1577	1
18307	610.1910	1
18308	610.2243	1
18309	610.2577	1
18310	610.2910	1
18311	610.3243	1
18312	610.3577	1
18313	610.3910	1
18314	610.4243	1
18315	610.4577	1
18316	610.4910	1
18317	610.5243	1
18318	610.5577	1
18319	610.5910	1
18320	610.6243	1
18321	610.6577	1
18322	610.6910	1
18323	610.7243	1
18324	610.7577	1
18325	610.7910	1
18326	610.8243	1
18327	610.8577	1
18328	610.8910	1
18329	610.9243	0
18330	610.9577	0
18331	610.9910	0
18332	611.0243	0
18333	611.0577	0
18334	611.0910	0
18335	611.1243	0
18336	611.1577	0
18337	611.1910	0
18338	611.2243	0
18339	611.2576	0
18340	611.2910	0
18341	611.3243	0
18342	611.3576	0
18343	611.3910	0
18344	611.4243	0
18345	611.4576	0
18346	611.4910	0
18347	611.5243	0
18348	611.5576	0
18349	611.5910	0
18350	611.6243	0
18351	611.6576	0
18352	611.6910	0
18353	611.7243	0
18354	611.7576	0
18355	611.7910	0
18356	611.8243	0
18357	611.8576	0
18358	611.8910	0
18359	611.9243	0
18360	611.9576	0
18361	611.9910	0
18362	612.0243	0
18363	612.0576	0
18364	612.0910	0
18365	612.1243	0
18366	612.1576	0
18367	612.1910	0
18368	612.2243	0
18369	612.2576	0
18370	612.2910	0
18371	612.3243	0
18372	612.3576	0
18373	612.3910	0
18374	612.4243	0
18375	612.4576	0
18376	612.4910	1
18377	612.5243	1
18378	612.5576	1
18379	612.5910	1
18380	612.6243	1
18381	612.6576	1
18382	612.6910	1
18383	612.7243	1
18384	612.7576	1
18385	612.7910	1
18386	612.8243	1
18387	612.8576	1
18388	612.8910	1
18389	612.9243	1
18390	612.9576	1
18391	612.9910	1
18392	613.0243	1
18393	613.0576	1
18394	613.0910	1
18395	613.1243	1
18396	613.1576	1
18397	613.1910	1
18398	613.2243	1
18399	613.2576	1
18400	613.2910	1
18401	613.3243	1
18402	613.3576	1
18403	613.3910	1
18404	613.4243	1
18405	613.4576	1
18406	613.4909	1
18407	613.5243	1
18408	613.5576	1
18409	613.5909	1
18410	613.6243	1
18411	613.6576	1
18412	613.6909	1
18413	613.7243	1
18414	613.7576	1
18415	613.7909	1
18416	613.8243	1
18417	613.8576	1
18418	613.8909	1
18419	613.9243	1
18420	613.9576	1
18421	613.9909	1
18422	614.0243	1
18423	614.0576	1
18424	614.0909	1
18425	614.1243	1
18426	614.1576	1
18427	614.1909	1
18428	614.2243	1
18429	614.2576	1
18430	614.2909	1
18431	614.3243	1
18432	614.3576	1
18433	614.3909	1
18434	614.4243	1
18435	614.4576	1
18436	614.4909	1
18437	614.5243	1
18438	614.5576	1
18439	614.5909	1
18440	614.6243	1
18441	614.6576	1
18442	614.6909	1
18443	614.7243	1
18444	614.7576	1
18445	614.7909	1
18446	614.8243	1
18447	614.8576	1
18448	614.8909	1
18449	614.9243	1
18450	614.9576	1
18451	614.9909	1
18452	615.0243	1
18453	615.0576	1
18454	615.0909	1
18455	615.1243	1
18456	615.1576	1
18457	615.1909	1
18458	615.2243	1
18459	615.2576	1
18460	615.2909	1
18461	615.3243	1
18462	615.3576	1
18463	615.3909	1
18464	615.4243	1
18465	615.4576	1
18466	615.4909	1
18467	615.5243	1
18468	615.5576	1
18469	615.5909	1
18470	615.6243	1
18471	615.6576	1
18472	615.6909	1
18473	615.7242	1
18474	615.7576	1
18475	615.7909	1
18476	615.8242	1
18477	615.8576	1
18478	615.8909	1
18479	615.9242	1
18480	615.9576	1
18481	615.9909	0
18482	616.0242	0
18483	616.0576	0
18484	616.0909	0
18485	616.1242	0
18486	616.1576	0
18487	616.1909	0
18488	616.2242	0
18489	616.2576	0
18490	616.2909	0
18491	616.3242	0
18492	616.3576	0
18493	616.3909	0
18494	616.4242	0
18495	616.4576	0
18496	616.4909	0
18497	616.5242	0
18498	616.5576	0
18499	616.5909	0
18500	616.6242	0
18501	616.6576	0
18502	616.6909	0
18503	616.7242	0
18504	616.7576	0
18505	616.7909	0
18506	616.8242	0
18507	616.8576	0
18508	616.8909	0
18509	616.9242	0
18510	616.9576	0
18511	616.9909	0
18512	617.0242	0
18513	617.0576	0
18514	617.0909	0
18515	617.1242	0
18516	617.1576	0
18517	617.1909	0
18518	617.2242	0
18519	617.2576	1
18520	617.2909	1
18521	617.3242	1
18522	617.3576	1
18523	617.3909	1
18524	617.4242	1
18525	617.4576	1
18526	617.4909	1
18527	617.5242	1
18528	617.5576	1
18529	617.5909	1
18530	617.6242	1
18531	617.6576	1
18532	617.6909	1
18533	617.7242	1
18534	617.7576	1
18535	617.7909	1
18536	617.8242	1
18537	617.8576	1
18538	617.8909	1
18539	617.9242	1
18540	617.9576	1
18541	617.9909	1
18542	618.0242	1
18543	618.0575	1
18544	618.0909	1
18545	618.1242	1
18546	618.1575	1
18547	618.1909	1
18548	618.2242	1
18549	618.2575	1
18550	618.2909	1
18551	618.3242	1
18552	618.3575	1
18553	618.3909	1
18554	618.4242	1
18555	618.4575	1
18556	618.4909	1
18557	618.5242	1
18558	618.5575	1
18559	618.5909	1
18560	618.6242	0
18561	618.6575	0
18562	618.6909	0
18563	618.7242	0
18564	618.7575	0
18565	618.7909	0
18566	618.8242	0
18567	618.8575	0
18568	618.8909	0
18569	618.9242	0
18570	618.9575	0
18571	618.9909	0
18572	619.0242	0
18573	619.0575	0
18574	619.0909	0
18575	619.1242	0
18576	619.1575	0
18577	619.1909	0
18578	619.2242	0
18579	619.2575	0
18580	619.2909	0
18581	619.3242	0
18582	619.3575	0
18583	619.3909	0
18584	619.4242	0
18585	619.4575	0
18586	619.4909	0
18587	619.5242	0
18588	619.5575	0
18589	619.5909	0
18590	619.6242	0
18591	619.6575	0
18592	619.6909	0
18593	619.7242	0
18594	619.7575	0
18595	619.7909	0
18596	619.8242	0
18597	619.8575	0
18598	619.8909	0
18599	619.9242	0
18600	619.9575	0
18601	619.9909	0
18602	620.0242	0
18603	620.0575	0
18604	620.0909	0
18605	620.1242	0
18606	620.1575	0
18607	620.1909	0
18608	620.2242	0
18609	620.2575	0
18610	620.2908	0
18611	620.3242	0
18612	620.3575	0
18613	620.3908	0
18614	620.4242	0
18615	620.4575	0
18616	620.4908	0
18617	620.5242	0
18618	620.5575	0
18619	620.5908	0
18620	620.6242	0
18621	620.6575	0
18622	620.6908	0
18623	620.7242	0
18624	620.7575	0
18625	620.7908	0
18626	620.8242	0
18627	620.8575	0
18628	620.8908	0
18629	620.9242	0
18630	620.9575	0
18631	620.9908	0
18632	621.0242	0
18633	621.0575	0
18634	621.0908	0
18635	621.1242	0
18636	621.1575	0
18637	621.1908	0
18638	621.2242	0
18639	621.2575	0
18640	621.2908	0
18641	621.3242	0
18642	621.3575	0
18643	621.3908	0
18644	621.4242	0
18645	621.4575	0
18646	621.4908	0
18647	621.5242	0
18648	621.5575	0
18649	621.5908	0
18650	621.6242	0
18651	621.6575	0
18652	621.6908	0
18653	621.7242	0
18654	621.7575	0
18655	621.7908	0
18656	621.8242	0
18657	621.8575	0
18658	621.8908	1
18659	621.9242	1
18660	621.9575	1
18661	621.9908	1
18662	622.0242	1
18663	622.0575	1
18664	622.0908	1
18665	622.1242	1
18666	622.1575	1
18667	622.1908	1
18668	622.2242	1
18669	622.2575	1
18670	622.2908	1
18671	622.3242	1
18672	622.3575	1
18673	622.3908	1
18674	622.4242	1
18675	622.4575	1
18676	622.4908	1
18677	622.5241	1
18678	622.5575	1
18679	622.5908	1
18680	622.6241	1
18681	622.6575	1
18682	622.6908	1
18683	622.7241	1
18684	622.7575	1
18685	622.7908	1
18686	622.8241	1
18687	622.8575	1
18688	622.8908	1
18689	622.9241	1
18690	622.9575	1
18691	622.9908	1
18692	623.0241	1
18693	623.0575	1
18694	623.0908	1
18695	623.1241	1
18696	623.1575	1
18697	623.1908	1
18698	623.2241	1
18699	623.2575	1
18700	623.2908	1
18701	623.3241	1
18702	623.3575	1
18703	623.3908	1
18704	623.4241	1
18705	623.4575	1
18706	623.4908	1
18707	623.5241	1
18708	623.5575	1
18709	623.5908	1
18710	623.6241	1
18711	623.6575	1
18712	623.6908	1
18713	623.7241	1
18714	623.7575	1
18715	623.7908	1
18716	623.8241	1
18717	623.8575	1
18718	623.8908	1
18719	623.9241	1
18720	623.9575	1
18721	623.9908	1
18722	624.0241	1
18723	624.0575	1
18724	624.0908	1
18725	624.1241	1
18726	624.1575	1
18727	624.1908	1
18728	624.2241	0
18729	624.2575	0
18730	624.2908	0
18731	624.3241	0
18732	624.3575	0
18733	624.3908	0
18734	624.4241	0
18735	624.4575	0
18736	624.4908	0
18737	624.5241	0
18738	624.5575	0
18739	624.5908	0
18740	624.6241	0
18741	624.6575	0
18742	624.6908	0
18743	624.7241	0
18744	624.7574	0
18745	624.7908	0
18746	624.8241	0
18747	624.8574	1
18748	624.8908	1
18749	624.9241	1
18750	624.9574	1
18751	624.9908	1
18752	625.0241	1
18753	625.0574	1
18754	625.0908	1
18755	625.1241	1
18756	625.1574	1
18757	625.1908	1
18758	625.2241	1
18759	625.2574	1
18760	625.2908	1
18761	625.3241	1
18762	625.3574	1
18763	625.3908	1
18764	625.4241	1
18765	625.4574	1
18766	625.4908	1
18767	625.5241	1
18768	625.5574	1
18769	625.5908	1
18770	625.6241	1
18771	625.6574	1
18772	625.6908	1
18773	625.7241	1
18774	625.7574	1
18775	625.7908	1
18776	625.8241	1
18777	625.8574	1
18778	625.8908	1
18779	625.9241	1
18780	625.9574	1
18781	625.9908	1
18782	626.0241	1
18783	626.0574	1
18784	626.0908	1
18785	626.1241	1
18786	626.1574	1
18787	626.1908	1
18788	626.2241	1
18789	626.2574	1
18790	626.2908	1
18791	626.3241	1
18792	626.3574	1
18793	626.3908	1
18794	626.4241	0
18795	626.4574	0
18796	626.4908	0
18797	626.5241	0
18798	626.5574	0
18799	626.5908	0
18800	626.6241	0
18801	626.6574	0
18802	626.6908	0
18803	626.7241	0
18804	626.7574	0
18805	626.7908	0
18806	626.8241	0
18807	626.8574	0
18808	626.8908	0
18809	626.9241	0
18810	626.9574	0
18811	626.9908	0
18812	627.0241	0
18813	627.0574	0
18814	627.0907	0
18815	627.1241	0
18816	627.1574	1
18817	627.1907	1
18818	627.2241	1
18819	627.2574	1
18820	627.2907	1
18821	627.3241	1
18822	627.3574	1
18823	627.3907	1
18824	627.4241	1
18825	627.4574	1
18826	627.4907	1
18827	627.5241	1
18828	627.5574	1
18829	627.5907	1
18830	627.6241	1
18831	627.6574	1
18832	627.6907	1
18833	627.7241	1
18834	627.7574	1
18835	627.7907	1
18836	627.8241	1
18837	627.8574	1
18838	627.8907	1
18839	627.9241	1
18840	627.9574	1
18841	627.9907	1
18842	628.0241	1
18843	628.0574	1
18844	628.0907	1
18845	628.1241	1
18846	628.1574	1
18847	628.1907	1
18848	628.2241	1
18849	628.2574	1
18850	628.2907	1
18851	628.3241	1
18852	628.3574	1
18853	628.3907	1
18854	628.4241	1
18855	628.4574	1
18856	628.4907	1
18857	628.5241	1
18858	628.5574	1
18859	628.5907	1
18860	628.6241	1
18861	628.6574	1
18862	628.6907	1
18863	628.7241	1
18864	628.7574	1
18865	628.7907	1
18866	628.8241	1
18867	628.8574	1
18868	628.8907	1
18869	628.9241	1
18870	628.9574	1
18871	628.9907	1
18872	629.0241	1
18873	629.0574	1
18874	629.0907	1
18875	629.1241	1
18876	629.1574	1
18877	629.1907	1
18878	629.2241	1
18879	629.2574	1
18880	629.2907	1
18881	629.3240	1
18882	629.3574	1
18883	629.3907	1
18884	629.4240	1
18885	629.4574	1
18886	629.4907	1
18887	629.5240	1
18888	629.5574	1
18889	629.5907	1
18890	629.6240	1
18891	629.6574	1
18892	629.6907	1
18893	629.7240	1
18894	629.7574	1
18895	629.7907	1
18896	629.8240	1
18897	629.8574	1
18898	629.8907	1
18899	629.9240	1
18900	629.9574	1
18901	629.9907	1
18902	630.0240	1
18903	630.0574	1
18904	630.0907	1
18905	630.1240	1
18906	630.1574	1
18907	630.1907	1
18908	630.2240	1
18909	630.2574	1
18910	630.2907	1
18911	630.3240	1
18912	630.3574	1
18913	630.3907	1
18914	630.4240	1
18915	630.4574	1
18916	630.4907	1
18917	630.5240	1
18918	630.5574	1
18919	630.5907	1
18920	630.6240	1
18921	630.6574	1
18922	630.6907	1
18923	630.7240	1
18924	630.7574	1
18925	630.7907	1
18926	630.8240	1
18927	630.8574	1
18928	630.8907	1
18929	630.9240	1
18930	630.9574	1
18931	630.9907	1
18932	631.0240	1
18933	631.0574	1
18934	631.0907	1
18935	631.1240	1
18936	631.1574	1
18937	631.1907	1
18938	631.2240	1
18939	631.2574	1
18940	631.2907	0
18941	631.3240	0
18942	631.3574	0
18943	631.3907	0
18944	631.4240	0
18945	631.4574	0
18946	631.4907	0
18947	631.5240	0
18948	631.5573	0
18949	631.5907	0
18950	631.6240	0
18951	631.6573	0
18952	631.6907	0
18953	631.7240	0
18954	631.7573	0
18955	631.7907	0
18956	631.8240	0
18957	631.8573	0
18958	631.8907	0
18959	631.9240	0
18960	631.9573	0
18961	631.9907	0
18962	632.0240	0
18963	632.0573	0
18964	632.0907	0
18965	632.1240	0
18966	632.1573	0
18967	632.1907	0
18968	632.2240	1
18969	632.2573	1
18970	632.2907	1
18971	632.3240	1
18972	632.3573	1
18973	632.3907	1
18974	632.4240	1
18975	632.4573	1
18976	632.4907	1
18977	632.5240	1
18978	632.5573	1
18979	632.5907	1
18980	632.6240	1
18981	632.6573	1
18982	632.6907	1
18983	632.7240	1
18984	632.7573	1
18985	632.7907	1
18986	632.8240	1
18987	632.8573	1
18988	632.8907	1
18989	632.9240	1
18990	632.9573	1
18991	632.9907	1
18992	633.0240	1
18993	633.0573	1
18994	633.0907	1
18995	633.1240	1
18996	633.1573	1
18997	633.1907	1
18998	633.2240	1
18999	633.2573	0
19000	633.2907	0
19001	633.3240	0
19002	633.3573	0
19003	633.3907	0
19004	633.4240	0
19005	633.4573	0
19006	633.4907	0
19007	633.5240	0
19008	633.5573	0
19009	633.5907	0
19010	633.6240	0
19011	633.6573	0
19012	633.6907	0
19013	633.7240	0
19014	633.7573	0
19015	633.7906	0
19016	633.8240	0
19017	633.8573	0
19018	633.8906	0
19019	633.9240	0
19020	633.9573	0
19021	633.9906	0
19022	634.0240	0
19023	634.0573	0
19024	634.0906	0
19025	634.1240	0
19026	634.1573	0
19027	634.1906	0
19028	634.2240	1
19029	634.2573	1
19030	634.2906	1
19031	634.3240	1
19032	634.3573	1
19033	634.3906	1
19034	634.4240	1
19035	634.4573	1
19036	634.4906	1
19037	634.5240	1
19038	634.5573	1
19039	634.5906	1
19040	634.6240	1
19041	634.6573	1
19042	634.6906	1
19043	634.7240	1
19044	634.7573	1
19045	634.7906	1
19046	634.8240	1
19047	634.8573	1
19048	634.8906	1
19049	634.9240	1
19050	634.9573	0
19051	634.9906	0
19052	635.0240	0
19053	635.0573	0
19054	635.0906	0
19055	635.1240	0
19056	635.1573	0
19057	635.1906	0
19058	635.2240	0
19059	635.2573	0
19060	635.2906	0
19061	635.3240	0
19062	635.3573	0
19063	635.3906	0
19064	635.4240	0
19065	635.4573	0
19066	635.4906	0
19067	635.5240	0
19068	635.5573	0
19069	635.5906	0
19070	635.6240	0
19071	635.6573	0
19072	635.6906	0
19073	635.7240	0
19074	635.7573	0
19075	635.7906	0
19076	635.8240	0
19077	635.8573	0
19078	635.8906	0
19079	635.9240	0
19080	635.9573	0
19081	635.9906	0
19082	636.0240	0
19083	636.0573	0
19084	636.0906	0
19085	636.1239	0
19086	636.1573	0
19087	636.1906	0
19088	636.2239	1
19089	636.2573	1
19090	636.2906	1
19091	636.3239	1
19092	636.3573	1
19093	636.3906	1
19094	636.4239	1
19095	636.4573	1
19096	636.4906	1
19097	636.5239	1
19098	636.5573	1
19099	636.5906	1
19100	636.6239	1
19101	636.6573	1
19102	636.6906	1
19103	636.7239	1
19104	636.7573	1
19105	636.7906	1
19106	636.8239	1
19107	636.8573	1
19108	636.8906	1
19109	636.9239	1
19110	636.9573	1
19111	636.9906	1
19112	637.0239	1
19113	637.0573	1
19114	637.0906	1
19115	637.1239	1
19116	637.1573	1
19117	637.1906	1
19118	637.2239	1
19119	637.2573	1
19120	637.2906	1
19121	637.3239	1
19122	637.3573	1
19123	637.3906	1
19124	637.4239	1
19125	637.4573	1
19126	637.4906	0
19127	637.5239	0
19128	637.5573	0
19129	637.5906	0
19130	637.6239	0
19131	637.6573	0
19132	637.6906	0
19133	637.7239	0
19134	637.7573	0
19135	637.7906	0
19136	637.8239	0
19137	637.8573	0
19138	637.8906	0
19139	637.9239	0
19140	637.9573	0
19141	637.9906	0
19142	638.0239	0
19143	638.0573	0
19144	638.0906	0
19145	638.1239	0
19146	638.1573	0
19147	638.1906	0
19148	638.2239	1
19149	638.2573	1
19150	638.2906	1
19151	638.3239	1
19152	638.3572	1
19153	638.3906	1
19154	638.4239	1
19155	638.4572	1
19156	638.4906	1
19157	638.5239	1
19158	638.5572	1
19159	638.5906	1
19160	638.6239	1
19161	638.6572	1
19162	638.6906	1
19163	638.7239	1
19164	638.7572	1
19165	638.7906	1
19166	638.8239	1
19167	638.8572	1
19168	638.8906	1
19169	638.9239	1
19170	638.9572	1
19171	638.9906	1
19172	639.0239	1
19173	639.0572	1
19174	639.0906	1
19175	639.1239	1
19176	639.1572	1
19177	639.1906	1
19178	639.2239	1
19179	639.2572	1
19180	639.2906	1
19181	639.3239	1
19182	639.3572	1
19183	639.3906	1
19184	639.4239	1
19185	639.4572	1
19186	639.4906	1
19187	639.5239	0
19188	639.5572	0
19189	639.5906	0
19190	639.6239	0
19191	639.6572	0
19192	639.6906	0
19193	639.7239	0
19194	639.7572	0
19195	639.7906	0
19196	639.8239	0
19197	639.8572	0
19198	639.8906	0
19199	639.9239	0
19200	639.9572	0
19201	639.9906	0
19202	640.0239	0
19203	640.0572	0
19204	640.0906	0
19205	640.1239	0
19206	640.1572	0
19207	640.1906	0
19208	640.2239	0
19209	640.2572	0
19210	640.2906	0
19211	640.3239	0
19212	640.3572	0
19213	640.3906	0
19214	640.4239	0
19215	640.4572	0
19216	640.4906	0
19217	640.5239	0
19218	640.5572	1
19219	640.5905	1
19220	640.6239	1
19221	640.6572	1
19222	640.6905	1
19223	640.7239	1
19224	640.7572	1
19225	640.7905	1
19226	640.8239	1
19227	640.8572	1
19228	640.8905	1
19229	640.9239	1
19230	640.9572	1
19231	640.9905	1
19232	641.0239	1
19233	641.0572	1
19234	641.0905	1
19235	641.1239	1
19236	641.1572	1
19237	641.1905	1
19238	641.2239	1
19239	641.2572	1
19240	641.2905	1
19241	641.3239	1
19242	641.3572	1
19243	641.3905	1
19244	641.4239	1
19245	641.4572	1
19246	641.4905	1
19247	641.5239	1
19248	641.5572	1
19249	641.5905	1
19250	641.6239	1
19251	641.6572	1
19252	641.6905	1
19253	641.7239	1
19254	641.7572	1
19255	641.7905	1
19256	641.8239	1
19257	641.8572	1
19258	641.8905	1
19259	641.9239	1
19260	641.9572	1
19261	641.9905	1
19262	642.0239	1
19263	642.0572	1
19264	642.0905	1
19265	642.1239	1
19266	642.1572	1
19267	642.1905	1
19268	642.2239	1
19269	642.2572	1
19270	642.2905	1
19271	642.3239	1
19272	642.3572	1
19273	642.3905	1
19274	642.4239	1
19275	642.4572	1
19276	642.4905	1
19277	642.5239	1
19278	642.5572	1
19279	642.5905	1
19280	642.6239	1
19281	642.6572	1
19282	642.6905	1
19283	642.7239	1
19284	642.7572	1
19285	642.7905	1
19286	642.8239	1
19287	642.8572	1
19288	642.8905	1
19289	642.9238	1
19290	642.9572	1
19291	642.9905	1
19292	643.0238	0
19293	643.0572	0
19294	643.0905	0
19295	643.1238	0
19296	643.1572	0
19297	643.1905	0
19298	643.2238	0
19299	643.2572	0
19300	643.2905	0
19301	643.3238	0
19302	643.3572	0
19303	643.3905	0
19304	643.4238	0
19305	643.4572	0
19306	643.4905	0
19307	643.5238	0
19308	643.5572	0
19309	643.5905	0
19310	643.6238	0
19311	643.6572	0
19312	643.6905	0
19313	643.7238	0
19314	643.7572	0
19315	643.7905	0
19316	643.8238	0
19317	643.8572	0
19318	643.8905	0
19319	643.9238	0
19320	643.9572	0
19321	643.9905	0
19322	644.0238	0
19323	644.0572	0
19324	644.0905	0
19325	644.1238	0
19326	644.1572	0
19327	644.1905	1
19328	644.2238	1
19329	644.2572	1
19330	644.2905	1
19331	644.3238	1
19332	644.3572	1
19333	644.3905	1
19334	644.4238	1
19335	644.4572	1
19336	644.4905	1
19337	644.5238	1
19338	644.5572	1
19339	644.5905	1
19340	644.6238	1
19341	644.6572	1
19342	644.6905	1
19343	644.7238	1
19344	644.7572	1
19345	644.7905	1
19346	644.8238	1
19347	644.8572	1
19348	644.8905	1
19349	644.9238	1
19350	644.9572	1
19351	644.9905	1
19352	645.0238	1
19353	645.0572	1
19354	645.0905	1
19355	645.1238	1
19356	645.1571	1
19357	645.1905	1
19358	645.2238	1
19359	645.2571	1
19360	645.2905	1
19361	645.3238	1
19362	645.3571	1
19363	645.3905	1
19364	645.4238	1
19365	645.4571	1
19366	645.4905	1
19367	645.5238	1
19368	645.5571	1
19369	645.5905	1
19370	645.6238	1
19371	645.6571	1
19372	645.6905	1
19373	645.7238	1
19374	645.7571	1
19375	645.7905	1
19376	645.8238	1
19377	645.8571	1
19378	645.8905	1
19379	645.9238	1
19380	645.9571	1
19381	645.9905	1
19382	646.0238	1
19383	646.0571	1
19384	646.0905	1
19385	646.1238	1
19386	646.1571	1
19387	646.1905	1
19388	646.2238	1
19389	646.2571	1
19390	646.2905	1
19391	646.3238	1
19392	646.3571	1
19393	646.3905	1
19394	646.4238	1
19395	646.4571	1
19396	646.4905	1
19397	646.5238	1
19398	646.5571	1
19399	646.5905	1
19400	646.6238	1
19401	646.6571	1
19402	646.6905	1
19403	646.7238	1
19404	646.7571	1
19405	646.7905	1
19406	646.8238	1
19407	646.8571	1
19408	646.8905	1
19409	646.9238	1
19410	646.9571	1
19411	646.9905	1
19412	647.0238	1
19413	647.0571	1
19414	647.0905	1
19415	647.1238	1
19416	647.1571	1
19417	647.1905	1
19418	647.2238	1
19419	647.2571	1
19420	647.2905	1
19421	647.3238	1
19422	647.3571	1
19423	647.3904	1
19424	647.4238	1
19425	647.4571	1
19426	647.4904	1
19427	647.5238	1
19428	647.5571	1
19429	647.5904	1
19430	647.6238	1
19431	647.6571	1
19432	647.6904	1
19433	647.7238	1
19434	647.7571	1
19435	647.7904	1
19436	647.8238	1
19437	647.8571	1
19438	647.8904	1
19439	647.9238	1
19440	647.9571	1
19441	647.9904	1
19442	648.0238	1
19443	648.0571	1
19444	648.0904	1
19445	648.1238	1
19446	648.1571	1
19447	648.1904	1
19448	648.2238	1
19449	648.2571	1
19450	648.2904	1
19451	648.3238	1
19452	648.3571	1
19453	648.3904	1
19454	648.4238	1
19455	648.4571	1
19456	648.4904	1
19457	648.5238	1
19458	648.5571	1
19459	648.5904	1
19460	648.6238	1
19461	648.6571	1
19462	648.6904	1
19463	648.7238	1
19464	648.7571	1
19465	648.7904	1
19466	648.8238	1
19467	648.8571	1
19468	648.8904	1
19469	648.9238	0
19470	648.9571	0
19471	648.9904	0
19472	649.0238	0
19473	649.0571	0
19474	649.0904	0
19475	649.1238	0
19476	649.1571	0
19477	649.1904	0
19478	649.2238	0
19479	649.2571	0
19480	649.2904	0
19481	649.3238	0
19482	649.3571	0
19483	649.3904	0
19484	649.4238	0
19485	649.4571	0
19486	649.4904	0
19487	649.5238	0
19488	649.5571	0
19489	649.5904	0
19490	649.6237	0
19491	649.6571	0
19492	649.6904	0
19493	649.7237	0
19494	649.7571	0
19495	649.7904	0
19496	649.8237	0
19497	649.8571	0
19498	649.8904	0
19499	649.9237	0
19500	649.9571	0
19501	649.9904	0
19502	650.0237	0
19503	650.0571	0
19504	650.0904	1
19505	650.1237	1
19506	650.1571	1
19507	650.1904	1
19508	650.2237	1
19509	650.2571	1
19510	650.2904	1
19511	650.3237	1
19512	650.3571	1
19513	650.3904	1
19514	650.4237	1
19515	650.4571	1
19516	650.4904	1
19517	650.5237	1
19518	650.5571	1
19519	650.5904	1
19520	650.6237	0
19521	650.6571	0
19522	650.6904	0
19523	650.7237	0
19524	650.7571	0
19525	650.7904	0
19526	650.8237	0
19527	650.8571	0
19528	650.8904	0
19529	650.9237	0
19530	650.9571	0
19531	650.9904	0
19532	651.0237	0
19533	651.0571	0
19534	651.0904	0
19535	651.1237	0
19536	651.1571	0
19537	651.1904	0
19538	651.2237	0
19539	651.2571	0
19540	651.2904	0
19541	651.3237	0
19542	651.3571	0
19543	651.3904	0
19544	651.4237	0
19545	651.4571	0
19546	651.4904	0
19547	651.5237	0
19548	651.5571	0
19549	651.5904	0
19550	651.6237	0
19551	651.6571	0
19552	651.6904	0
19553	651.7237	0
19554	651.7571	0
19555	651.7904	0
19556	651.8237	0
19557	651.8571	0
19558	651.8904	0
19559	651.9237	0
19560	651.9570	0
19561	651.9904	0
19562	652.0237	0
19563	652.0570	0
19564	652.0904	1
19565	652.1237	1
19566	652.1570	1
19567	652.1904	1
19568	652.2237	1
19569	652.2570	1
19570	652.2904	1
19571	652.3237	1
19572	652.3570	1
19573	652.3904	1
19574	652.4237	1
19575	652.4570	1
19576	652.4904	1
19577	652.5237	1
19578	652.5570	1
19579	652.5904	1
19580	652.6237	1
19581	652.6570	1
19582	652.6904	1
19583	652.7237	1
19584	652.7570	1
19585	652.7904	1
19586	652.8237	1
19587	652.8570	1
19588	652.8904	1
19589	652.9237	1
19590	652.9570	1
19591	652.9904	1
19592	653.0237	1
19593	653.0570	1
19594	653.0904	1
19595	653.1237	1
19596	653.1570	1
19597	653.1904	1
19598	653.2237	1
19599	653.2570	1
19600	653.2904	1
19601	653.3237	1
19602	653.3570	1
19603	653.3904	1
19604	653.4237	1
19605	653.4570	1
19606	653.4904	1
19607	653.5237	1
19608	653.5570	1
19609	653.5904	1
19610	653.6237	1
19611	653.6570	1
19612	653.6904	1
19613	653.7237	1
19614	653.7570	1
19615	653.7904	1
19616	653.8237	1
19617	653.8570	1
19618	653.8904	1
19619	653.9237	1
19620	653.9570	1
19621	653.9904	1
19622	654.0237	1
19623	654.0570	1
19624	654.0904	1
19625	654.1237	1
19626	654.1570	1
19627	654.1903	1
19628	654.2237	1
19629	654.2570	1
19630	654.2903	1
19631	654.3237	1
19632	654.3570	1
19633	654.3903	1
19634	654.4237	1
19635	654.4570	1
19636	654.4903	1
19637	654.5237	1
19638	654.5570	1
19639	654.5903	1
19640	654.6237	1
19641	654.6570	1
19642	654.6903	1
19643	654.7237	1
19644	654.7570	1
19645	654.7903	1
19646	654.8237	1
19647	654.8570	1
19648	654.8903	1
19649	654.9237	1
19650	654.9570	1
19651	654.9903	1
19652	655.0237	1
19653	655.0570	1
19654	655.0903	1
19655	655.1237	1
19656	655.1570	1
19657	655.1903	0
19658	655.2237	0
19659	655.2570	0
19660	655.2903	0
19661	655.3237	0
19662	655.3570	0
19663	655.3903	0
19664	655.4237	0
19665	655.4570	0
19666	655.4903	0
19667	655.5237	0
19668	655.5570	0
19669	655.5903	0
19670	655.6237	0
19671	655.6570	0
19672	655.6903	0
19673	655.7237	0
19674	655.7570	0
19675	655.7903	0
19676	655.8237	0
19677	655.8570	0
19678	655.8903	0
19679	655.9237	0
19680	655.9570	0
19681	655.9903	0
19682	656.0237	0
19683	656.0570	0
19684	656.0903	0
19685	656.1237	0
19686	656.1570	0
19687	656.1903	0
19688	656.2237	0
19689	656.2570	0
19690	656.2903	0
19691	656.3237	0
19692	656.3570	0
19693	656.3903	0
19694	656.4236	0
19695	656.4570	0
19696	656.4903	0
19697	656.5236	0
19698	656.5570	0
19699	656.5903	1
19700	656.6236	1
19701	656.6570	1
19702	656.6903	1
19703	656.7236	1
19704	656.7570	1
19705	656.7903	1
19706	656.8236	1
19707	656.8570	1
19708	656.8903	1
19709	656.9236	1
19710	656.9570	1
19711	656.9903	1
19712	657.0236	1
19713	657.0570	1
19714	657.0903	1
19715	657.1236	1
19716	657.1570	1
19717	657.1903	1
19718	657.2236	1
19719	657.2570	1
19720	657.2903	1
19721	657.3236	1
19722	657.3570	1
19723	657.3903	1
19724	657.4236	1
19725	657.4570	1
19726	657.4903	1
19727	657.5236	1
19728	657.5570	1
19729	657.5903	1
19730	657.6236	1
19731	657.6570	1
19732	657.6903	1
19733	657.7236	1
19734	657.7570	1
19735	657.7903	1
19736	657.8236	1
19737	657.8570	1
19738	657.8903	1
19739	657.9236	1
19740	657.9570	1
19741	657.9903	1
19742	658.0236	1
19743	658.0570	1
19744	658.0903	1
19745	658.1236	1
19746	658.1570	1
19747	658.1903	1
19748	658.2236	1
19749	658.2570	1
19750	658.2903	1
19751	658.3236	1
19752	658.3570	1
19753	658.3903	1
19754	658.4236	1
19755	658.4570	1
19756	658.4903	1
19757	658.5236	1
19758	658.5570	1
19759	658.5903	1
19760	658.6236	1
19761	658.6569	1
19762	658.6903	1
19763	658.7236	1
19764	658.7569	1
19765	658.7903	1
19766	658.8236	1
19767	658.8569	1
19768	658.8903	1
19769	658.9236	1
19770	658.9569	1
19771	658.9903	1
19772	659.0236	1
19773	659.0569	1
19774	659.0903	1
19775	659.1236	1
19776	659.1569	1
19777	659.1903	1
19778	659.2236	1
19779	659.2569	1
19780	659.2903	1
19781	659.3236	1
19782	659.3569	1
19783	659.3903	1
19784	659.4236	1
19785	659.4569	1
19786	659.4903	0
19787	659.5236	1
19788	659.5569	1
19789	659.5903	1
19790	659.6236	1
19791	659.6569	1
19792	659.6903	1
19793	659.7236	1
19794	659.7569	1
19795	659.7903	1
19796	659.8236	1
19797	659.8569	1
19798	659.8903	1
19799	659.9236	1
19800	659.9569	1
19801	659.9903	1
19802	660.0236	1
19803	660.0569	1
19804	660.0903	1
19805	660.1236	1
19806	660.1569	1
19807	660.1903	1
19808	660.2236	1
19809	660.2569	1
19810	660.2903	1
19811	660.3236	1
19812	660.3569	1
19813	660.3903	1
19814	660.4236	1
19815	660.4569	1
19816	660.4903	1
19817	660.5236	1
19818	660.5569	1
19819	660.5903	1
19820	660.6236	1
19821	660.6569	1
19822	660.6903	1
19823	660.7236	1
19824	660.7569	1
19825	660.7903	1
19826	660.8236	1
19827	660.8569	1
19828	660.8903	1
19829	660.9236	1
19830	660.9569	1
19831	660.9902	1
19832	661.0236	1
19833	661.0569	1
19834	661.0902	1
19835	661.1236	1
19836	661.1569	1
19837	661.1902	1
19838	661.2236	1
19839	661.2569	1
19840	661.2902	1
19841	661.3236	1
19842	661.3569	1
19843	661.3902	1
19844	661.4236	1
19845	661.4569	1
19846	661.4902	1
19847	661.5236	1
19848	661.5569	1
19849	661.5902	1
19850	661.6236	1
19851	661.6569	2
19852	661.6902	
[ENDCODE]
