[SUBJECTNAME]=sn006
[AGE]=
[FIELD1]=eye-gaze
[FIELD2]=
[FIELD3]=
[FIELD4]=
[FIELD5]=
[FIELD6]=
[CODER]=
[VIDEOFILE]=G:\Backup experiment\SN006_Frank\0063.avi
[RESOLUTION]=30.0000
[STARTCODES]

44880	1495.9672	1
44881	1496.0006	1
44882	1496.0339	1
44883	1496.0672	1
44884	1496.1006	1
44885	1496.1339	1
44886	1496.1672	1
44887	1496.2006	1
44888	1496.2339	1
44889	1496.2672	1
44890	1496.3006	1
44891	1496.3339	1
44892	1496.3672	1
44893	1496.4006	1
44894	1496.4339	1
44895	1496.4672	1
44896	1496.5006	1
44897	1496.5339	1
44898	1496.5672	1
44899	1496.6006	1
44900	1496.6339	1
44901	1496.6672	1
44902	1496.7006	1
44903	1496.7339	1
44904	1496.7672	1
44905	1496.8006	1
44906	1496.8339	1
44907	1496.8672	1
44908	1496.9006	1
44909	1496.9339	1
44910	1496.9672	1
44911	1497.0006	1
44912	1497.0339	1
44913	1497.0672	1
44914	1497.1006	1
44915	1497.1339	1
44916	1497.1672	1
44917	1497.2006	1
44918	1497.2339	1
44919	1497.2672	1
44920	1497.3006	1
44921	1497.3339	1
44922	1497.3672	1
44923	1497.4006	1
44924	1497.4339	1
44925	1497.4672	1
44926	1497.5006	1
44927	1497.5339	1
44928	1497.5672	1
44929	1497.6006	1
44930	1497.6339	1
44931	1497.6672	1
44932	1497.7006	1
44933	1497.7339	1
44934	1497.7672	1
44935	1497.8006	1
44936	1497.8339	1
44937	1497.8672	1
44938	1497.9006	1
44939	1497.9339	1
44940	1497.9672	1
44941	1498.0006	1
44942	1498.0339	1
44943	1498.0672	1
44944	1498.1006	1
44945	1498.1339	1
44946	1498.1672	1
44947	1498.2006	1
44948	1498.2339	1
44949	1498.2672	1
44950	1498.3006	1
44951	1498.3339	1
44952	1498.3672	1
44953	1498.4006	1
44954	1498.4339	1
44955	1498.4672	1
44956	1498.5006	1
44957	1498.5339	1
44958	1498.5672	1
44959	1498.6006	1
44960	1498.6339	1
44961	1498.6672	1
44962	1498.7006	1
44963	1498.7339	1
44964	1498.7672	1
44965	1498.8006	1
44966	1498.8339	1
44967	1498.8672	1
44968	1498.9006	1
44969	1498.9339	1
44970	1498.9672	1
44971	1499.0006	1
44972	1499.0339	1
44973	1499.0672	1
44974	1499.1006	1
44975	1499.1339	1
44976	1499.1672	1
44977	1499.2006	1
44978	1499.2339	1
44979	1499.2672	1
44980	1499.3006	1
44981	1499.3339	1
44982	1499.3672	1
44983	1499.4006	1
44984	1499.4339	1
44985	1499.4672	1
44986	1499.5006	1
44987	1499.5339	1
44988	1499.5672	1
44989	1499.6006	1
44990	1499.6339	1
44991	1499.6672	1
44992	1499.7006	1
44993	1499.7339	1
44994	1499.7672	1
44995	1499.8006	1
44996	1499.8339	1
44997	1499.8672	1
44998	1499.9006	1
44999	1499.9339	1
45000	1499.9672	1
45001	1500.0006	1
45002	1500.0339	1
45003	1500.0672	1
45004	1500.1006	1
45005	1500.1339	1
45006	1500.1672	1
45007	1500.2006	1
45008	1500.2339	1
45009	1500.2672	1
45010	1500.3006	1
45011	1500.3339	1
45012	1500.3672	1
45013	1500.4006	1
45014	1500.4339	1
45015	1500.4672	1
45016	1500.5006	1
45017	1500.5339	1
45018	1500.5672	1
45019	1500.6006	1
45020	1500.6339	1
45021	1500.6672	1
45022	1500.7006	1
45023	1500.7339	1
45024	1500.7672	1
45025	1500.8006	1
45026	1500.8339	1
45027	1500.8672	1
45028	1500.9006	1
45029	1500.9339	1
45030	1500.9672	1
45031	1501.0006	1
45032	1501.0339	1
45033	1501.0672	1
45034	1501.1006	0
45035	1501.1339	0
45036	1501.1672	0
45037	1501.2006	0
45038	1501.2339	0
45039	1501.2672	0
45040	1501.3006	0
45041	1501.3339	0
45042	1501.3672	0
45043	1501.4006	0
45044	1501.4339	0
45045	1501.4672	0
45046	1501.5006	0
45047	1501.5339	0
45048	1501.5672	0
45049	1501.6006	0
45050	1501.6339	0
45051	1501.6672	0
45052	1501.7006	0
45053	1501.7339	0
45054	1501.7672	0
45055	1501.8006	0
45056	1501.8339	0
45057	1501.8672	0
45058	1501.9006	0
45059	1501.9339	0
45060	1501.9672	0
45061	1502.0006	0
45062	1502.0339	0
45063	1502.0672	0
45064	1502.1006	0
45065	1502.1339	0
45066	1502.1672	0
45067	1502.2006	0
45068	1502.2339	0
45069	1502.2672	0
45070	1502.3006	0
45071	1502.3339	0
45072	1502.3672	0
45073	1502.4006	0
45074	1502.4339	0
45075	1502.4672	0
45076	1502.5006	0
45077	1502.5339	0
45078	1502.5672	0
45079	1502.6006	0
45080	1502.6339	0
45081	1502.6672	0
45082	1502.7006	0
45083	1502.7339	0
45084	1502.7672	0
45085	1502.8006	0
45086	1502.8339	0
45087	1502.8672	0
45088	1502.9006	0
45089	1502.9339	0
45090	1502.9672	0
45091	1503.0006	0
45092	1503.0339	0
45093	1503.0672	0
45094	1503.1006	0
45095	1503.1339	0
45096	1503.1672	0
45097	1503.2006	0
45098	1503.2339	0
45099	1503.2672	0
45100	1503.3006	0
45101	1503.3339	0
45102	1503.3672	0
45103	1503.4006	0
45104	1503.4339	0
45105	1503.4672	0
45106	1503.5006	0
45107	1503.5339	0
45108	1503.5672	0
45109	1503.6006	0
45110	1503.6339	0
45111	1503.6672	0
45112	1503.7006	0
45113	1503.7339	0
45114	1503.7672	0
45115	1503.8006	0
45116	1503.8339	0
45117	1503.8672	0
45118	1503.9006	0
45119	1503.9339	0
45120	1503.9672	0
45121	1504.0006	0
45122	1504.0339	0
45123	1504.0672	0
45124	1504.1006	0
45125	1504.1339	0
45126	1504.1672	0
45127	1504.2006	0
45128	1504.2339	0
45129	1504.2672	0
45130	1504.3006	0
45131	1504.3339	0
45132	1504.3672	0
45133	1504.4006	0
45134	1504.4339	0
45135	1504.4672	1
45136	1504.5006	1
45137	1504.5339	1
45138	1504.5672	1
45139	1504.6006	1
45140	1504.6339	1
45141	1504.6672	1
45142	1504.7006	1
45143	1504.7339	1
45144	1504.7672	1
45145	1504.8006	1
45146	1504.8339	1
45147	1504.8672	1
45148	1504.9006	0
45149	1504.9339	0
45150	1504.9672	0
45151	1505.0006	0
45152	1505.0339	0
45153	1505.0672	0
45154	1505.1006	0
45155	1505.1339	0
45156	1505.1672	0
45157	1505.2006	0
45158	1505.2339	0
45159	1505.2672	0
45160	1505.3006	0
45161	1505.3339	0
45162	1505.3672	0
45163	1505.4006	0
45164	1505.4339	0
45165	1505.4672	0
45166	1505.5006	0
45167	1505.5339	0
45168	1505.5672	0
45169	1505.6006	0
45170	1505.6339	0
45171	1505.6672	0
45172	1505.7006	0
45173	1505.7339	0
45174	1505.7672	0
45175	1505.8006	0
45176	1505.8339	0
45177	1505.8672	0
45178	1505.9006	0
45179	1505.9339	0
45180	1505.9672	0
45181	1506.0006	0
45182	1506.0339	0
45183	1506.0672	0
45184	1506.1006	0
45185	1506.1339	0
45186	1506.1672	0
45187	1506.2006	0
45188	1506.2339	0
45189	1506.2672	0
45190	1506.3006	0
45191	1506.3339	0
45192	1506.3672	0
45193	1506.4006	0
45194	1506.4339	0
45195	1506.4672	0
45196	1506.5006	0
45197	1506.5339	0
45198	1506.5672	1
45199	1506.6006	1
45200	1506.6339	1
45201	1506.6672	1
45202	1506.7006	1
45203	1506.7339	1
45204	1506.7672	1
45205	1506.8006	1
45206	1506.8339	1
45207	1506.8672	1
45208	1506.9006	1
45209	1506.9339	1
45210	1506.9672	1
45211	1507.0006	1
45212	1507.0339	1
45213	1507.0672	1
45214	1507.1006	1
45215	1507.1339	1
45216	1507.1672	1
45217	1507.2006	1
45218	1507.2339	1
45219	1507.2672	1
45220	1507.3006	1
45221	1507.3339	1
45222	1507.3672	1
45223	1507.4006	1
45224	1507.4339	1
45225	1507.4672	1
45226	1507.5006	1
45227	1507.5339	1
45228	1507.5672	1
45229	1507.6006	1
45230	1507.6339	1
45231	1507.6672	1
45232	1507.7006	1
45233	1507.7339	1
45234	1507.7672	1
45235	1507.8006	1
45236	1507.8339	1
45237	1507.8672	1
45238	1507.9006	1
45239	1507.9339	1
45240	1507.9672	1
45241	1508.0006	1
45242	1508.0339	1
45243	1508.0672	1
45244	1508.1006	1
45245	1508.1339	1
45246	1508.1672	1
45247	1508.2006	1
45248	1508.2339	1
45249	1508.2672	1
45250	1508.3006	1
45251	1508.3339	1
45252	1508.3672	1
45253	1508.4006	1
45254	1508.4339	1
45255	1508.4672	1
45256	1508.5006	1
45257	1508.5339	1
45258	1508.5672	1
45259	1508.6006	1
45260	1508.6339	1
45261	1508.6672	1
45262	1508.7006	1
45263	1508.7339	1
45264	1508.7672	1
45265	1508.8006	1
45266	1508.8339	1
45267	1508.8672	1
45268	1508.9006	1
45269	1508.9339	1
45270	1508.9672	1
45271	1509.0006	1
45272	1509.0339	1
45273	1509.0672	1
45274	1509.1006	1
45275	1509.1339	1
45276	1509.1672	1
45277	1509.2006	1
45278	1509.2339	1
45279	1509.2672	1
45280	1509.3006	1
45281	1509.3339	1
45282	1509.3672	1
45283	1509.4006	1
45284	1509.4339	1
45285	1509.4672	1
45286	1509.5006	1
45287	1509.5339	1
45288	1509.5672	1
45289	1509.6006	1
45290	1509.6339	1
45291	1509.6672	1
45292	1509.7006	1
45293	1509.7339	1
45294	1509.7672	1
45295	1509.8006	1
45296	1509.8339	1
45297	1509.8672	1
45298	1509.9006	0
45299	1509.9339	0
45300	1509.9672	0
45301	1510.0006	0
45302	1510.0339	0
45303	1510.0672	0
45304	1510.1006	0
45305	1510.1339	0
45306	1510.1672	0
45307	1510.2006	0
45308	1510.2339	0
45309	1510.2672	0
45310	1510.3006	0
45311	1510.3339	0
45312	1510.3672	0
45313	1510.4006	1
45314	1510.4339	1
45315	1510.4672	1
45316	1510.5006	1
45317	1510.5339	1
45318	1510.5672	1
45319	1510.6006	1
45320	1510.6339	1
45321	1510.6672	1
45322	1510.7006	1
45323	1510.7339	1
45324	1510.7672	1
45325	1510.8006	1
45326	1510.8339	1
45327	1510.8672	1
45328	1510.9006	1
45329	1510.9339	1
45330	1510.9672	1
45331	1511.0006	1
45332	1511.0339	1
45333	1511.0672	1
45334	1511.1006	1
45335	1511.1339	1
45336	1511.1672	1
45337	1511.2006	1
45338	1511.2339	1
45339	1511.2672	1
45340	1511.3006	1
45341	1511.3339	1
45342	1511.3672	1
45343	1511.4006	1
45344	1511.4339	1
45345	1511.4672	1
45346	1511.5006	1
45347	1511.5339	1
45348	1511.5672	1
45349	1511.6006	1
45350	1511.6339	1
45351	1511.6672	1
45352	1511.7006	1
45353	1511.7339	1
45354	1511.7672	1
45355	1511.8006	1
45356	1511.8339	1
45357	1511.8672	1
45358	1511.9006	1
45359	1511.9339	1
45360	1511.9672	1
45361	1512.0006	1
45362	1512.0339	1
45363	1512.0672	1
45364	1512.1006	1
45365	1512.1339	1
45366	1512.1672	1
45367	1512.2006	1
45368	1512.2339	1
45369	1512.2672	1
45370	1512.3006	1
45371	1512.3339	1
45372	1512.3672	1
45373	1512.4006	1
45374	1512.4339	1
45375	1512.4672	1
45376	1512.5006	1
45377	1512.5339	1
45378	1512.5672	1
45379	1512.6006	1
45380	1512.6339	1
45381	1512.6672	1
45382	1512.7006	1
45383	1512.7339	1
45384	1512.7672	1
45385	1512.8006	1
45386	1512.8339	1
45387	1512.8672	1
45388	1512.9006	1
45389	1512.9339	1
45390	1512.9672	1
45391	1513.0006	1
45392	1513.0339	1
45393	1513.0672	1
45394	1513.1006	1
45395	1513.1339	1
45396	1513.1672	1
45397	1513.2006	1
45398	1513.2339	1
45399	1513.2672	1
45400	1513.3006	1
45401	1513.3339	1
45402	1513.3672	1
45403	1513.4006	1
45404	1513.4339	1
45405	1513.4672	1
45406	1513.5006	1
45407	1513.5339	1
45408	1513.5672	1
45409	1513.6006	1
45410	1513.6339	1
45411	1513.6672	1
45412	1513.7006	1
45413	1513.7339	1
45414	1513.7672	1
45415	1513.8006	1
45416	1513.8339	1
45417	1513.8672	1
45418	1513.9006	1
45419	1513.9339	1
45420	1513.9672	1
45421	1514.0006	1
45422	1514.0339	1
45423	1514.0672	1
45424	1514.1006	1
45425	1514.1339	1
45426	1514.1672	1
45427	1514.2006	1
45428	1514.2339	1
45429	1514.2672	1
45430	1514.3006	1
45431	1514.3339	1
45432	1514.3672	1
45433	1514.4006	1
45434	1514.4339	1
45435	1514.4672	1
45436	1514.5006	1
45437	1514.5339	1
45438	1514.5672	1
45439	1514.6006	1
45440	1514.6339	1
45441	1514.6672	1
45442	1514.7006	1
45443	1514.7339	1
45444	1514.7672	1
45445	1514.8006	1
45446	1514.8339	1
45447	1514.8672	1
45448	1514.9006	1
45449	1514.9339	1
45450	1514.9672	1
45451	1515.0006	1
45452	1515.0339	1
45453	1515.0672	1
45454	1515.1006	1
45455	1515.1339	1
45456	1515.1672	1
45457	1515.2006	1
45458	1515.2339	1
45459	1515.2672	1
45460	1515.3006	1
45461	1515.3339	1
45462	1515.3672	1
45463	1515.4006	1
45464	1515.4339	1
45465	1515.4672	1
45466	1515.5006	1
45467	1515.5339	1
45468	1515.5672	0
45469	1515.6006	0
45470	1515.6339	0
45471	1515.6672	0
45472	1515.7006	0
45473	1515.7339	0
45474	1515.7672	0
45475	1515.8006	0
45476	1515.8339	0
45477	1515.8672	0
45478	1515.9006	0
45479	1515.9339	0
45480	1515.9672	0
45481	1516.0006	0
45482	1516.0339	0
45483	1516.0672	0
45484	1516.1006	0
45485	1516.1339	0
45486	1516.1672	0
45487	1516.2006	0
45488	1516.2339	0
45489	1516.2672	0
45490	1516.3006	0
45491	1516.3339	0
45492	1516.3672	0
45493	1516.4006	0
45494	1516.4339	0
45495	1516.4672	0
45496	1516.5006	0
45497	1516.5339	0
45498	1516.5672	0
45499	1516.6006	0
45500	1516.6339	0
45501	1516.6672	0
45502	1516.7006	0
45503	1516.7339	0
45504	1516.7672	0
45505	1516.8006	0
45506	1516.8339	0
45507	1516.8672	0
45508	1516.9006	0
45509	1516.9339	0
45510	1516.9672	0
45511	1517.0006	0
45512	1517.0339	0
45513	1517.0672	0
45514	1517.1006	0
45515	1517.1339	0
45516	1517.1672	0
45517	1517.2006	0
45518	1517.2339	0
45519	1517.2672	0
45520	1517.3006	0
45521	1517.3339	0
45522	1517.3672	0
45523	1517.4006	0
45524	1517.4339	0
45525	1517.4672	0
45526	1517.5006	0
45527	1517.5339	0
45528	1517.5672	0
45529	1517.6006	0
45530	1517.6339	0
45531	1517.6672	0
45532	1517.7006	0
45533	1517.7339	0
45534	1517.7672	0
45535	1517.8006	0
45536	1517.8339	0
45537	1517.8672	0
45538	1517.9006	0
45539	1517.9339	0
45540	1517.9672	0
45541	1518.0006	1
45542	1518.0339	1
45543	1518.0672	1
45544	1518.1006	1
45545	1518.1339	1
45546	1518.1672	1
45547	1518.2006	1
45548	1518.2339	1
45549	1518.2672	1
45550	1518.3006	1
45551	1518.3339	1
45552	1518.3672	1
45553	1518.4006	1
45554	1518.4339	1
45555	1518.4672	1
45556	1518.5006	1
45557	1518.5339	1
45558	1518.5672	1
45559	1518.6006	1
45560	1518.6339	1
45561	1518.6672	1
45562	1518.7006	1
45563	1518.7339	1
45564	1518.7672	1
45565	1518.8006	1
45566	1518.8339	1
45567	1518.8672	1
45568	1518.9006	1
45569	1518.9339	1
45570	1518.9672	1
45571	1519.0006	1
45572	1519.0339	1
45573	1519.0672	1
45574	1519.1006	1
45575	1519.1339	1
45576	1519.1672	1
45577	1519.2006	1
45578	1519.2339	1
45579	1519.2672	1
45580	1519.3006	1
45581	1519.3339	1
45582	1519.3672	1
45583	1519.4006	1
45584	1519.4339	1
45585	1519.4672	1
45586	1519.5006	1
45587	1519.5339	1
45588	1519.5672	1
45589	1519.6006	1
45590	1519.6339	1
45591	1519.6672	1
45592	1519.7006	1
45593	1519.7339	1
45594	1519.7672	1
45595	1519.8006	1
45596	1519.8339	1
45597	1519.8672	1
45598	1519.9006	1
45599	1519.9339	1
45600	1519.9672	1
45601	1520.0006	1
45602	1520.0339	1
45603	1520.0672	1
45604	1520.1006	1
45605	1520.1339	1
45606	1520.1672	1
45607	1520.2006	1
45608	1520.2339	1
45609	1520.2672	1
45610	1520.3006	1
45611	1520.3339	1
45612	1520.3672	1
45613	1520.4006	1
45614	1520.4339	1
45615	1520.4672	1
45616	1520.5006	1
45617	1520.5339	1
45618	1520.5672	1
45619	1520.6006	1
45620	1520.6339	1
45621	1520.6672	1
45622	1520.7006	1
45623	1520.7339	1
45624	1520.7672	1
45625	1520.8006	1
45626	1520.8339	1
45627	1520.8672	1
45628	1520.9006	1
45629	1520.9339	1
45630	1520.9672	1
45631	1521.0006	1
45632	1521.0339	1
45633	1521.0672	1
45634	1521.1006	1
45635	1521.1339	1
45636	1521.1672	1
45637	1521.2006	1
45638	1521.2339	1
45639	1521.2672	1
45640	1521.3006	1
45641	1521.3339	1
45642	1521.3672	1
45643	1521.4006	1
45644	1521.4339	1
45645	1521.4672	1
45646	1521.5006	1
45647	1521.5339	1
45648	1521.5672	1
45649	1521.6006	1
45650	1521.6339	1
45651	1521.6672	1
45652	1521.7006	1
45653	1521.7339	1
45654	1521.7672	1
45655	1521.8006	1
45656	1521.8339	1
45657	1521.8672	0
45658	1521.9006	0
45659	1521.9339	0
45660	1521.9672	0
45661	1522.0006	0
45662	1522.0339	0
45663	1522.0672	0
45664	1522.1006	0
45665	1522.1339	0
45666	1522.1672	0
45667	1522.2006	0
45668	1522.2339	0
45669	1522.2672	0
45670	1522.3006	0
45671	1522.3339	0
45672	1522.3672	0
45673	1522.4006	0
45674	1522.4339	0
45675	1522.4672	0
45676	1522.5006	0
45677	1522.5339	0
45678	1522.5673	0
45679	1522.6006	0
45680	1522.6339	0
45681	1522.6673	0
45682	1522.7006	0
45683	1522.7339	0
45684	1522.7673	0
45685	1522.8006	0
45686	1522.8339	0
45687	1522.8673	0
45688	1522.9006	0
45689	1522.9339	0
45690	1522.9673	0
45691	1523.0006	0
45692	1523.0339	0
45693	1523.0673	0
45694	1523.1006	0
45695	1523.1339	0
45696	1523.1673	0
45697	1523.2006	0
45698	1523.2339	0
45699	1523.2673	0
45700	1523.3006	0
45701	1523.3339	0
45702	1523.3673	0
45703	1523.4006	0
45704	1523.4339	0
45705	1523.4673	0
45706	1523.5006	0
45707	1523.5339	0
45708	1523.5673	0
45709	1523.6006	0
45710	1523.6339	0
45711	1523.6673	0
45712	1523.7006	0
45713	1523.7339	0
45714	1523.7673	0
45715	1523.8006	0
45716	1523.8339	0
45717	1523.8673	0
45718	1523.9006	0
45719	1523.9339	0
45720	1523.9673	0
45721	1524.0006	0
45722	1524.0339	0
45723	1524.0673	0
45724	1524.1006	0
45725	1524.1339	0
45726	1524.1673	0
45727	1524.2006	0
45728	1524.2339	0
45729	1524.2673	0
45730	1524.3006	0
45731	1524.3339	0
45732	1524.3673	0
45733	1524.4006	0
45734	1524.4339	0
45735	1524.4673	0
45736	1524.5006	0
45737	1524.5339	0
45738	1524.5673	0
45739	1524.6006	0
45740	1524.6339	0
45741	1524.6673	0
45742	1524.7006	0
45743	1524.7339	0
45744	1524.7673	0
45745	1524.8006	0
45746	1524.8339	0
45747	1524.8673	0
45748	1524.9006	0
45749	1524.9339	0
45750	1524.9673	0
45751	1525.0006	0
45752	1525.0339	0
45753	1525.0673	0
45754	1525.1006	0
45755	1525.1339	0
45756	1525.1673	0
45757	1525.2006	0
45758	1525.2339	0
45759	1525.2673	0
45760	1525.3006	0
45761	1525.3339	0
45762	1525.3673	0
45763	1525.4006	0
45764	1525.4339	0
45765	1525.4673	0
45766	1525.5006	0
45767	1525.5339	0
45768	1525.5673	0
45769	1525.6006	0
45770	1525.6339	0
45771	1525.6673	0
45772	1525.7006	0
45773	1525.7339	0
45774	1525.7673	0
45775	1525.8006	0
45776	1525.8339	0
45777	1525.8673	0
45778	1525.9006	0
45779	1525.9339	0
45780	1525.9673	0
45781	1526.0006	0
45782	1526.0339	0
45783	1526.0673	0
45784	1526.1006	0
45785	1526.1339	0
45786	1526.1673	0
45787	1526.2006	0
45788	1526.2339	0
45789	1526.2673	0
45790	1526.3006	0
45791	1526.3339	0
45792	1526.3673	0
45793	1526.4006	0
45794	1526.4339	0
45795	1526.4673	0
45796	1526.5006	0
45797	1526.5339	0
45798	1526.5673	0
45799	1526.6006	0
45800	1526.6339	0
45801	1526.6673	0
45802	1526.7006	0
45803	1526.7339	0
45804	1526.7673	0
45805	1526.8006	0
45806	1526.8339	0
45807	1526.8673	0
45808	1526.9006	0
45809	1526.9339	0
45810	1526.9673	0
45811	1527.0006	0
45812	1527.0339	0
45813	1527.0673	0
45814	1527.1006	0
45815	1527.1339	0
45816	1527.1673	0
45817	1527.2006	0
45818	1527.2339	0
45819	1527.2673	0
45820	1527.3006	0
45821	1527.3339	0
45822	1527.3673	1
45823	1527.4006	1
45824	1527.4339	1
45825	1527.4673	1
45826	1527.5006	1
45827	1527.5339	1
45828	1527.5673	1
45829	1527.6006	1
45830	1527.6339	1
45831	1527.6673	1
45832	1527.7006	1
45833	1527.7339	1
45834	1527.7673	1
45835	1527.8006	1
45836	1527.8339	1
45837	1527.8673	1
45838	1527.9006	1
45839	1527.9339	1
45840	1527.9673	1
45841	1528.0006	1
45842	1528.0339	1
45843	1528.0673	1
45844	1528.1006	1
45845	1528.1339	1
45846	1528.1673	1
45847	1528.2006	1
45848	1528.2339	1
45849	1528.2673	1
45850	1528.3006	1
45851	1528.3339	1
45852	1528.3673	1
45853	1528.4006	1
45854	1528.4339	1
45855	1528.4673	1
45856	1528.5006	1
45857	1528.5339	1
45858	1528.5673	1
45859	1528.6006	1
45860	1528.6339	1
45861	1528.6673	1
45862	1528.7006	1
45863	1528.7339	1
45864	1528.7673	1
45865	1528.8006	1
45866	1528.8339	1
45867	1528.8673	0
45868	1528.9006	0
45869	1528.9339	0
45870	1528.9673	0
45871	1529.0006	0
45872	1529.0339	0
45873	1529.0673	0
45874	1529.1006	0
45875	1529.1339	0
45876	1529.1673	0
45877	1529.2006	0
45878	1529.2339	0
45879	1529.2673	0
45880	1529.3006	0
45881	1529.3339	0
45882	1529.3673	0
45883	1529.4006	0
45884	1529.4339	0
45885	1529.4673	0
45886	1529.5006	0
45887	1529.5339	0
45888	1529.5673	0
45889	1529.6006	0
45890	1529.6339	0
45891	1529.6673	0
45892	1529.7006	0
45893	1529.7339	0
45894	1529.7673	0
45895	1529.8006	0
45896	1529.8339	0
45897	1529.8673	0
45898	1529.9006	0
45899	1529.9339	0
45900	1529.9673	0
45901	1530.0006	0
45902	1530.0339	0
45903	1530.0673	0
45904	1530.1006	0
45905	1530.1339	0
45906	1530.1673	0
45907	1530.2006	0
45908	1530.2339	0
45909	1530.2673	0
45910	1530.3006	0
45911	1530.3339	0
45912	1530.3673	0
45913	1530.4006	0
45914	1530.4339	0
45915	1530.4673	0
45916	1530.5006	0
45917	1530.5339	0
45918	1530.5673	0
45919	1530.6006	0
45920	1530.6339	0
45921	1530.6673	0
45922	1530.7006	0
45923	1530.7339	0
45924	1530.7673	0
45925	1530.8006	0
45926	1530.8339	0
45927	1530.8673	0
45928	1530.9006	0
45929	1530.9339	0
45930	1530.9673	0
45931	1531.0006	0
45932	1531.0339	0
45933	1531.0673	0
45934	1531.1006	0
45935	1531.1339	0
45936	1531.1673	0
45937	1531.2006	0
45938	1531.2339	0
45939	1531.2673	0
45940	1531.3006	0
45941	1531.3339	0
45942	1531.3673	0
45943	1531.4006	0
45944	1531.4339	0
45945	1531.4673	0
45946	1531.5006	0
45947	1531.5339	0
45948	1531.5673	0
45949	1531.6006	0
45950	1531.6339	0
45951	1531.6673	0
45952	1531.7006	0
45953	1531.7339	0
45954	1531.7673	0
45955	1531.8006	0
45956	1531.8339	0
45957	1531.8673	0
45958	1531.9006	0
45959	1531.9339	0
45960	1531.9673	0
45961	1532.0006	0
45962	1532.0339	0
45963	1532.0673	0
45964	1532.1006	0
45965	1532.1339	0
45966	1532.1673	0
45967	1532.2006	0
45968	1532.2339	0
45969	1532.2673	0
45970	1532.3006	0
45971	1532.3339	0
45972	1532.3673	0
45973	1532.4006	0
45974	1532.4339	0
45975	1532.4673	0
45976	1532.5006	0
45977	1532.5339	0
45978	1532.5673	0
45979	1532.6006	0
45980	1532.6339	0
45981	1532.6673	0
45982	1532.7006	0
45983	1532.7339	0
45984	1532.7673	0
45985	1532.8006	0
45986	1532.8339	0
45987	1532.8673	0
45988	1532.9006	0
45989	1532.9339	0
45990	1532.9673	0
45991	1533.0006	0
45992	1533.0339	0
45993	1533.0673	0
45994	1533.1006	0
45995	1533.1339	0
45996	1533.1673	0
45997	1533.2006	1
45998	1533.2339	1
45999	1533.2673	1
46000	1533.3006	1
46001	1533.3339	1
46002	1533.3673	1
46003	1533.4006	1
46004	1533.4339	1
46005	1533.4673	1
46006	1533.5006	1
46007	1533.5339	1
46008	1533.5673	1
46009	1533.6006	1
46010	1533.6339	1
46011	1533.6673	1
46012	1533.7006	1
46013	1533.7339	1
46014	1533.7673	1
46015	1533.8006	1
46016	1533.8339	1
46017	1533.8673	1
46018	1533.9006	1
46019	1533.9339	1
46020	1533.9673	1
46021	1534.0006	1
46022	1534.0339	1
46023	1534.0673	1
46024	1534.1006	1
46025	1534.1339	1
46026	1534.1673	1
46027	1534.2006	1
46028	1534.2339	1
46029	1534.2673	1
46030	1534.3006	1
46031	1534.3339	1
46032	1534.3673	1
46033	1534.4006	1
46034	1534.4339	1
46035	1534.4673	1
46036	1534.5006	1
46037	1534.5339	1
46038	1534.5673	1
46039	1534.6006	1
46040	1534.6339	1
46041	1534.6673	1
46042	1534.7006	1
46043	1534.7339	1
46044	1534.7673	1
46045	1534.8006	1
46046	1534.8339	1
46047	1534.8673	1
46048	1534.9006	1
46049	1534.9339	1
46050	1534.9673	1
46051	1535.0006	1
46052	1535.0339	1
46053	1535.0673	1
46054	1535.1006	1
46055	1535.1339	1
46056	1535.1673	1
46057	1535.2006	1
46058	1535.2339	1
46059	1535.2673	1
46060	1535.3006	1
46061	1535.3339	1
46062	1535.3673	1
46063	1535.4006	1
46064	1535.4339	1
46065	1535.4673	1
46066	1535.5006	1
46067	1535.5339	1
46068	1535.5673	1
46069	1535.6006	1
46070	1535.6339	1
46071	1535.6673	1
46072	1535.7006	1
46073	1535.7339	1
46074	1535.7673	1
46075	1535.8006	1
46076	1535.8339	1
46077	1535.8673	1
46078	1535.9006	1
46079	1535.9339	1
46080	1535.9673	1
46081	1536.0006	1
46082	1536.0339	1
46083	1536.0673	1
46084	1536.1006	1
46085	1536.1339	1
46086	1536.1673	1
46087	1536.2006	1
46088	1536.2339	1
46089	1536.2673	1
46090	1536.3006	1
46091	1536.3339	1
46092	1536.3673	1
46093	1536.4006	1
46094	1536.4339	1
46095	1536.4673	1
46096	1536.5006	1
46097	1536.5339	1
46098	1536.5673	1
46099	1536.6006	1
46100	1536.6339	1
46101	1536.6673	0
46102	1536.7006	0
46103	1536.7339	0
46104	1536.7673	0
46105	1536.8006	0
46106	1536.8339	0
46107	1536.8673	0
46108	1536.9006	0
46109	1536.9339	0
46110	1536.9673	0
46111	1537.0006	0
46112	1537.0339	0
46113	1537.0673	0
46114	1537.1006	0
46115	1537.1339	0
46116	1537.1673	0
46117	1537.2006	0
46118	1537.2339	0
46119	1537.2673	0
46120	1537.3006	0
46121	1537.3339	0
46122	1537.3673	0
46123	1537.4006	0
46124	1537.4339	0
46125	1537.4673	0
46126	1537.5006	0
46127	1537.5339	0
46128	1537.5673	0
46129	1537.6006	0
46130	1537.6339	0
46131	1537.6673	0
46132	1537.7006	0
46133	1537.7339	0
46134	1537.7673	0
46135	1537.8006	0
46136	1537.8339	0
46137	1537.8673	0
46138	1537.9006	0
46139	1537.9339	0
46140	1537.9673	0
46141	1538.0006	0
46142	1538.0339	0
46143	1538.0673	0
46144	1538.1006	0
46145	1538.1339	0
46146	1538.1673	0
46147	1538.2006	0
46148	1538.2339	0
46149	1538.2673	0
46150	1538.3006	0
46151	1538.3339	0
46152	1538.3673	0
46153	1538.4006	0
46154	1538.4339	0
46155	1538.4673	0
46156	1538.5006	0
46157	1538.5339	0
46158	1538.5673	0
46159	1538.6006	0
46160	1538.6339	0
46161	1538.6673	0
46162	1538.7006	0
46163	1538.7339	0
46164	1538.7673	0
46165	1538.8006	0
46166	1538.8339	0
46167	1538.8673	0
46168	1538.9006	0
46169	1538.9339	0
46170	1538.9673	0
46171	1539.0006	0
46172	1539.0339	0
46173	1539.0673	0
46174	1539.1006	0
46175	1539.1339	0
46176	1539.1673	0
46177	1539.2006	0
46178	1539.2339	0
46179	1539.2673	0
46180	1539.3006	0
46181	1539.3339	0
46182	1539.3673	0
46183	1539.4006	0
46184	1539.4339	0
46185	1539.4673	0
46186	1539.5006	0
46187	1539.5339	0
46188	1539.5673	0
46189	1539.6006	0
46190	1539.6339	0
46191	1539.6673	0
46192	1539.7006	0
46193	1539.7339	0
46194	1539.7673	0
46195	1539.8006	0
46196	1539.8339	0
46197	1539.8673	0
46198	1539.9006	0
46199	1539.9339	0
46200	1539.9673	0
46201	1540.0006	0
46202	1540.0339	0
46203	1540.0673	0
46204	1540.1006	0
46205	1540.1339	0
46206	1540.1673	0
46207	1540.2006	0
46208	1540.2339	0
46209	1540.2673	0
46210	1540.3006	0
46211	1540.3339	0
46212	1540.3673	0
46213	1540.4006	0
46214	1540.4339	0
46215	1540.4673	0
46216	1540.5006	0
46217	1540.5339	0
46218	1540.5673	0
46219	1540.6006	0
46220	1540.6339	0
46221	1540.6673	0
46222	1540.7006	0
46223	1540.7339	0
46224	1540.7673	0
46225	1540.8006	0
46226	1540.8339	0
46227	1540.8673	0
46228	1540.9006	0
46229	1540.9339	0
46230	1540.9673	0
46231	1541.0006	0
46232	1541.0339	0
46233	1541.0673	0
46234	1541.1006	0
46235	1541.1339	0
46236	1541.1673	0
46237	1541.2006	0
46238	1541.2339	0
46239	1541.2673	0
46240	1541.3006	0
46241	1541.3339	0
46242	1541.3673	0
46243	1541.4006	0
46244	1541.4339	0
46245	1541.4673	0
46246	1541.5006	0
46247	1541.5339	0
46248	1541.5673	0
46249	1541.6006	0
46250	1541.6339	0
46251	1541.6673	0
46252	1541.7006	0
46253	1541.7339	0
46254	1541.7673	0
46255	1541.8006	0
46256	1541.8339	0
46257	1541.8673	0
46258	1541.9006	0
46259	1541.9339	0
46260	1541.9673	0
46261	1542.0006	0
46262	1542.0339	0
46263	1542.0673	0
46264	1542.1006	0
46265	1542.1339	0
46266	1542.1673	0
46267	1542.2006	0
46268	1542.2339	0
46269	1542.2673	0
46270	1542.3006	0
46271	1542.3339	0
46272	1542.3673	0
46273	1542.4006	0
46274	1542.4339	0
46275	1542.4673	0
46276	1542.5006	0
46277	1542.5339	0
46278	1542.5673	0
46279	1542.6006	0
46280	1542.6339	0
46281	1542.6673	0
46282	1542.7006	0
46283	1542.7339	0
46284	1542.7673	0
46285	1542.8006	0
46286	1542.8339	0
46287	1542.8673	0
46288	1542.9006	0
46289	1542.9339	0
46290	1542.9673	0
46291	1543.0006	0
46292	1543.0339	0
46293	1543.0673	0
46294	1543.1006	0
46295	1543.1339	0
46296	1543.1673	0
46297	1543.2006	0
46298	1543.2339	0
46299	1543.2673	0
46300	1543.3006	0
46301	1543.3339	0
46302	1543.3673	0
46303	1543.4006	0
46304	1543.4339	0
46305	1543.4673	0
46306	1543.5006	0
46307	1543.5339	0
46308	1543.5673	0
46309	1543.6006	0
46310	1543.6339	0
46311	1543.6673	0
46312	1543.7006	0
46313	1543.7339	0
46314	1543.7673	0
46315	1543.8006	0
46316	1543.8339	0
46317	1543.8673	0
46318	1543.9006	0
46319	1543.9339	0
46320	1543.9673	0
46321	1544.0006	0
46322	1544.0339	0
46323	1544.0673	0
46324	1544.1006	0
46325	1544.1339	0
46326	1544.1673	0
46327	1544.2006	0
46328	1544.2339	0
46329	1544.2673	0
46330	1544.3006	0
46331	1544.3339	0
46332	1544.3673	0
46333	1544.4006	0
46334	1544.4339	0
46335	1544.4673	0
46336	1544.5006	0
46337	1544.5339	0
46338	1544.5673	0
46339	1544.6006	0
46340	1544.6339	0
46341	1544.6673	0
46342	1544.7006	0
46343	1544.7339	0
46344	1544.7673	0
46345	1544.8006	0
46346	1544.8339	0
46347	1544.8673	0
46348	1544.9006	0
46349	1544.9339	0
46350	1544.9673	0
46351	1545.0006	0
46352	1545.0339	0
46353	1545.0673	0
46354	1545.1006	0
46355	1545.1339	0
46356	1545.1673	0
46357	1545.2006	0
46358	1545.2339	0
46359	1545.2673	0
46360	1545.3006	0
46361	1545.3339	0
46362	1545.3673	0
46363	1545.4006	0
46364	1545.4339	0
46365	1545.4673	0
46366	1545.5006	0
46367	1545.5339	0
46368	1545.5673	0
46369	1545.6006	0
46370	1545.6339	0
46371	1545.6673	0
46372	1545.7006	0
46373	1545.7339	0
46374	1545.7673	0
46375	1545.8006	0
46376	1545.8339	0
46377	1545.8673	0
46378	1545.9006	0
46379	1545.9339	1
46380	1545.9673	1
46381	1546.0006	1
46382	1546.0339	1
46383	1546.0673	1
46384	1546.1006	1
46385	1546.1339	1
46386	1546.1673	1
46387	1546.2006	1
46388	1546.2339	1
46389	1546.2673	1
46390	1546.3006	1
46391	1546.3339	1
46392	1546.3673	1
46393	1546.4006	1
46394	1546.4339	1
46395	1546.4673	1
46396	1546.5006	1
46397	1546.5339	1
46398	1546.5673	1
46399	1546.6006	1
46400	1546.6339	1
46401	1546.6673	1
46402	1546.7006	1
46403	1546.7339	1
46404	1546.7673	1
46405	1546.8006	1
46406	1546.8339	1
46407	1546.8673	1
46408	1546.9006	1
46409	1546.9339	1
46410	1546.9673	1
46411	1547.0006	1
46412	1547.0339	1
46413	1547.0673	1
46414	1547.1006	1
46415	1547.1339	1
46416	1547.1673	1
46417	1547.2006	1
46418	1547.2339	1
46419	1547.2673	1
46420	1547.3006	1
46421	1547.3339	1
46422	1547.3673	1
46423	1547.4006	1
46424	1547.4339	1
46425	1547.4673	1
46426	1547.5006	1
46427	1547.5339	1
46428	1547.5673	1
46429	1547.6006	1
46430	1547.6339	1
46431	1547.6673	1
46432	1547.7006	1
46433	1547.7339	1
46434	1547.7673	1
46435	1547.8006	1
46436	1547.8339	1
46437	1547.8673	1
46438	1547.9006	1
46439	1547.9339	1
46440	1547.9673	1
46441	1548.0006	1
46442	1548.0339	1
46443	1548.0673	1
46444	1548.1006	1
46445	1548.1339	1
46446	1548.1673	1
46447	1548.2006	1
46448	1548.2339	1
46449	1548.2673	1
46450	1548.3006	1
46451	1548.3339	1
46452	1548.3673	1
46453	1548.4006	1
46454	1548.4339	1
46455	1548.4673	1
46456	1548.5006	1
46457	1548.5339	1
46458	1548.5673	1
46459	1548.6006	1
46460	1548.6339	1
46461	1548.6673	1
46462	1548.7006	1
46463	1548.7339	1
46464	1548.7673	1
46465	1548.8006	1
46466	1548.8339	1
46467	1548.8673	1
46468	1548.9006	1
46469	1548.9339	1
46470	1548.9673	1
46471	1549.0006	1
46472	1549.0339	1
46473	1549.0673	1
46474	1549.1006	1
46475	1549.1339	1
46476	1549.1673	1
46477	1549.2006	1
46478	1549.2339	1
46479	1549.2673	1
46480	1549.3006	1
46481	1549.3339	1
46482	1549.3673	1
46483	1549.4006	1
46484	1549.4339	1
46485	1549.4673	1
46486	1549.5006	1
46487	1549.5339	1
46488	1549.5673	1
46489	1549.6006	1
46490	1549.6339	1
46491	1549.6673	1
46492	1549.7006	1
46493	1549.7339	1
46494	1549.7673	1
46495	1549.8006	1
46496	1549.8339	1
46497	1549.8673	1
46498	1549.9006	1
46499	1549.9339	1
46500	1549.9673	1
46501	1550.0006	1
46502	1550.0339	1
46503	1550.0673	1
46504	1550.1006	1
46505	1550.1339	1
46506	1550.1673	1
46507	1550.2006	1
46508	1550.2339	1
46509	1550.2673	1
46510	1550.3006	1
46511	1550.3339	1
46512	1550.3673	1
46513	1550.4006	1
46514	1550.4339	1
46515	1550.4673	1
46516	1550.5006	1
46517	1550.5339	1
46518	1550.5673	1
46519	1550.6006	1
46520	1550.6339	1
46521	1550.6673	1
46522	1550.7006	1
46523	1550.7339	1
46524	1550.7673	1
46525	1550.8006	1
46526	1550.8339	1
46527	1550.8673	1
46528	1550.9006	1
46529	1550.9339	1
46530	1550.9673	1
46531	1551.0006	1
46532	1551.0339	1
46533	1551.0673	1
46534	1551.1006	1
46535	1551.1339	1
46536	1551.1673	1
46537	1551.2006	1
46538	1551.2339	1
46539	1551.2673	1
46540	1551.3006	1
46541	1551.3339	1
46542	1551.3673	1
46543	1551.4006	1
46544	1551.4339	1
46545	1551.4673	1
46546	1551.5006	1
46547	1551.5339	1
46548	1551.5673	1
46549	1551.6006	1
46550	1551.6339	1
46551	1551.6673	1
46552	1551.7006	1
46553	1551.7339	1
46554	1551.7673	1
46555	1551.8006	1
46556	1551.8339	1
46557	1551.8673	1
46558	1551.9006	1
46559	1551.9339	1
46560	1551.9673	1
46561	1552.0006	1
46562	1552.0339	1
46563	1552.0673	1
46564	1552.1006	1
46565	1552.1339	1
46566	1552.1673	1
46567	1552.2006	1
46568	1552.2339	1
46569	1552.2673	1
46570	1552.3006	1
46571	1552.3339	1
46572	1552.3673	1
46573	1552.4006	1
46574	1552.4339	1
46575	1552.4673	1
46576	1552.5006	1
46577	1552.5339	1
46578	1552.5673	0
46579	1552.6006	0
46580	1552.6339	0
46581	1552.6673	0
46582	1552.7006	0
46583	1552.7339	0
46584	1552.7673	0
46585	1552.8006	0
46586	1552.8339	0
46587	1552.8673	0
46588	1552.9006	0
46589	1552.9339	0
46590	1552.9673	0
46591	1553.0006	0
46592	1553.0339	0
46593	1553.0673	0
46594	1553.1006	0
46595	1553.1339	0
46596	1553.1673	0
46597	1553.2006	0
46598	1553.2339	0
46599	1553.2673	0
46600	1553.3006	0
46601	1553.3339	0
46602	1553.3673	0
46603	1553.4006	0
46604	1553.4339	0
46605	1553.4673	0
46606	1553.5006	0
46607	1553.5339	0
46608	1553.5673	0
46609	1553.6006	0
46610	1553.6339	0
46611	1553.6673	0
46612	1553.7006	0
46613	1553.7339	0
46614	1553.7673	0
46615	1553.8006	0
46616	1553.8339	0
46617	1553.8673	0
46618	1553.9006	0
46619	1553.9339	0
46620	1553.9673	0
46621	1554.0006	0
46622	1554.0339	0
46623	1554.0673	0
46624	1554.1006	0
46625	1554.1339	0
46626	1554.1673	0
46627	1554.2006	0
46628	1554.2339	0
46629	1554.2673	0
46630	1554.3006	0
46631	1554.3339	0
46632	1554.3673	0
46633	1554.4006	0
46634	1554.4339	0
46635	1554.4673	0
46636	1554.5006	0
46637	1554.5339	0
46638	1554.5673	0
46639	1554.6006	0
46640	1554.6339	0
46641	1554.6673	0
46642	1554.7006	0
46643	1554.7339	0
46644	1554.7673	0
46645	1554.8006	0
46646	1554.8339	0
46647	1554.8673	0
46648	1554.9006	0
46649	1554.9339	0
46650	1554.9673	0
46651	1555.0006	0
46652	1555.0339	0
46653	1555.0673	0
46654	1555.1006	0
46655	1555.1339	0
46656	1555.1673	0
46657	1555.2006	0
46658	1555.2339	0
46659	1555.2673	0
46660	1555.3006	0
46661	1555.3339	0
46662	1555.3673	0
46663	1555.4006	0
46664	1555.4339	0
46665	1555.4673	0
46666	1555.5006	0
46667	1555.5339	0
46668	1555.5673	0
46669	1555.6006	0
46670	1555.6339	0
46671	1555.6673	0
46672	1555.7006	0
46673	1555.7339	0
46674	1555.7673	0
46675	1555.8006	0
46676	1555.8339	0
46677	1555.8673	0
46678	1555.9006	0
46679	1555.9339	1
46680	1555.9673	1
46681	1556.0006	1
46682	1556.0339	1
46683	1556.0673	1
46684	1556.1006	1
46685	1556.1339	1
46686	1556.1673	1
46687	1556.2006	1
46688	1556.2339	1
46689	1556.2673	1
46690	1556.3006	1
46691	1556.3339	1
46692	1556.3673	1
46693	1556.4006	1
46694	1556.4339	1
46695	1556.4673	1
46696	1556.5006	1
46697	1556.5339	1
46698	1556.5673	1
46699	1556.6006	1
46700	1556.6339	1
46701	1556.6673	1
46702	1556.7006	1
46703	1556.7339	1
46704	1556.7673	1
46705	1556.8006	1
46706	1556.8339	1
46707	1556.8673	1
46708	1556.9006	1
46709	1556.9339	1
46710	1556.9673	1
46711	1557.0006	1
46712	1557.0339	1
46713	1557.0673	1
46714	1557.1006	1
46715	1557.1339	1
46716	1557.1673	1
46717	1557.2006	1
46718	1557.2339	1
46719	1557.2673	1
46720	1557.3006	1
46721	1557.3339	1
46722	1557.3673	1
46723	1557.4006	1
46724	1557.4339	1
46725	1557.4673	1
46726	1557.5006	1
46727	1557.5339	1
46728	1557.5673	1
46729	1557.6006	1
46730	1557.6339	1
46731	1557.6673	1
46732	1557.7006	1
46733	1557.7339	1
46734	1557.7673	1
46735	1557.8006	1
46736	1557.8339	1
46737	1557.8673	1
46738	1557.9006	1
46739	1557.9339	1
46740	1557.9673	1
46741	1558.0006	1
46742	1558.0339	1
46743	1558.0673	1
46744	1558.1006	1
46745	1558.1339	1
46746	1558.1673	1
46747	1558.2006	1
46748	1558.2339	1
46749	1558.2673	1
46750	1558.3006	1
46751	1558.3339	1
46752	1558.3673	1
46753	1558.4006	1
46754	1558.4339	1
46755	1558.4673	1
46756	1558.5006	1
46757	1558.5339	1
46758	1558.5673	1
46759	1558.6006	1
46760	1558.6339	1
46761	1558.6673	1
46762	1558.7006	1
46763	1558.7339	1
46764	1558.7673	1
46765	1558.8006	1
46766	1558.8339	1
46767	1558.8673	1
46768	1558.9006	1
46769	1558.9339	1
46770	1558.9673	1
46771	1559.0006	1
46772	1559.0339	1
46773	1559.0673	1
46774	1559.1006	1
46775	1559.1339	1
46776	1559.1673	1
46777	1559.2006	1
46778	1559.2339	1
46779	1559.2673	1
46780	1559.3006	1
46781	1559.3339	1
46782	1559.3673	1
46783	1559.4006	1
46784	1559.4339	1
46785	1559.4673	1
46786	1559.5006	1
46787	1559.5339	1
46788	1559.5673	1
46789	1559.6006	1
46790	1559.6339	1
46791	1559.6673	1
46792	1559.7006	1
46793	1559.7339	1
46794	1559.7673	1
46795	1559.8006	1
46796	1559.8339	1
46797	1559.8673	1
46798	1559.9006	1
46799	1559.9339	1
46800	1559.9673	1
46801	1560.0006	1
46802	1560.0339	1
46803	1560.0673	1
46804	1560.1006	1
46805	1560.1339	1
46806	1560.1673	1
46807	1560.2006	1
46808	1560.2339	1
46809	1560.2673	1
46810	1560.3006	1
46811	1560.3339	1
46812	1560.3673	1
46813	1560.4006	1
46814	1560.4339	1
46815	1560.4673	1
46816	1560.5006	1
46817	1560.5339	1
46818	1560.5673	1
46819	1560.6006	1
46820	1560.6339	1
46821	1560.6673	1
46822	1560.7006	1
46823	1560.7339	1
46824	1560.7673	1
46825	1560.8006	1
46826	1560.8339	1
46827	1560.8673	1
46828	1560.9006	1
46829	1560.9339	1
46830	1560.9673	1
46831	1561.0006	1
46832	1561.0339	1
46833	1561.0673	1
46834	1561.1006	1
46835	1561.1339	1
46836	1561.1673	1
46837	1561.2006	1
46838	1561.2339	1
46839	1561.2673	1
46840	1561.3006	1
46841	1561.3339	1
46842	1561.3673	1
46843	1561.4006	0
46844	1561.4339	0
46845	1561.4673	0
46846	1561.5006	0
46847	1561.5339	0
46848	1561.5673	0
46849	1561.6006	0
46850	1561.6339	0
46851	1561.6673	0
46852	1561.7006	0
46853	1561.7339	0
46854	1561.7673	0
46855	1561.8006	0
46856	1561.8339	0
46857	1561.8673	0
46858	1561.9006	0
46859	1561.9339	0
46860	1561.9673	0
46861	1562.0006	0
46862	1562.0339	0
46863	1562.0673	0
46864	1562.1006	0
46865	1562.1339	0
46866	1562.1673	0
46867	1562.2006	0
46868	1562.2339	0
46869	1562.2673	0
46870	1562.3006	0
46871	1562.3339	0
46872	1562.3673	0
46873	1562.4006	0
46874	1562.4339	0
46875	1562.4673	0
46876	1562.5006	0
46877	1562.5339	0
46878	1562.5673	0
46879	1562.6006	0
46880	1562.6339	0
46881	1562.6673	0
46882	1562.7006	0
46883	1562.7339	0
46884	1562.7673	0
46885	1562.8006	0
46886	1562.8339	0
46887	1562.8673	0
46888	1562.9006	0
46889	1562.9339	0
46890	1562.9673	0
46891	1563.0006	0
46892	1563.0339	0
46893	1563.0673	0
46894	1563.1006	0
46895	1563.1339	0
46896	1563.1673	0
46897	1563.2006	0
46898	1563.2339	0
46899	1563.2673	0
46900	1563.3006	0
46901	1563.3339	0
46902	1563.3673	0
46903	1563.4006	0
46904	1563.4339	0
46905	1563.4673	0
46906	1563.5006	0
46907	1563.5339	0
46908	1563.5673	0
46909	1563.6006	0
46910	1563.6339	0
46911	1563.6673	0
46912	1563.7006	0
46913	1563.7339	0
46914	1563.7673	0
46915	1563.8006	0
46916	1563.8339	0
46917	1563.8673	0
46918	1563.9006	0
46919	1563.9339	0
46920	1563.9673	0
46921	1564.0006	0
46922	1564.0339	0
46923	1564.0673	0
46924	1564.1006	0
46925	1564.1339	0
46926	1564.1673	0
46927	1564.2006	0
46928	1564.2339	0
46929	1564.2673	0
46930	1564.3006	0
46931	1564.3339	0
46932	1564.3673	0
46933	1564.4006	0
46934	1564.4339	1
46935	1564.4673	1
46936	1564.5006	1
46937	1564.5339	1
46938	1564.5673	1
46939	1564.6006	1
46940	1564.6339	1
46941	1564.6673	1
46942	1564.7006	1
46943	1564.7339	1
46944	1564.7673	1
46945	1564.8006	1
46946	1564.8339	1
46947	1564.8673	1
46948	1564.9006	1
46949	1564.9339	1
46950	1564.9673	1
46951	1565.0006	1
46952	1565.0339	1
46953	1565.0673	1
46954	1565.1006	1
46955	1565.1339	1
46956	1565.1673	1
46957	1565.2006	1
46958	1565.2339	1
46959	1565.2673	1
46960	1565.3006	1
46961	1565.3339	1
46962	1565.3673	1
46963	1565.4006	1
46964	1565.4339	1
46965	1565.4673	1
46966	1565.5006	1
46967	1565.5339	1
46968	1565.5673	1
46969	1565.6006	1
46970	1565.6339	1
46971	1565.6673	1
46972	1565.7006	1
46973	1565.7339	1
46974	1565.7673	1
46975	1565.8006	1
46976	1565.8339	1
46977	1565.8673	1
46978	1565.9006	1
46979	1565.9339	1
46980	1565.9673	1
46981	1566.0006	1
46982	1566.0339	1
46983	1566.0673	1
46984	1566.1006	1
46985	1566.1339	1
46986	1566.1673	1
46987	1566.2006	1
46988	1566.2339	1
46989	1566.2673	1
46990	1566.3006	1
46991	1566.3339	1
46992	1566.3673	1
46993	1566.4006	1
46994	1566.4339	1
46995	1566.4673	1
46996	1566.5006	1
46997	1566.5339	1
46998	1566.5673	1
46999	1566.6006	1
47000	1566.6339	1
47001	1566.6673	1
47002	1566.7006	1
47003	1566.7339	1
47004	1566.7673	1
47005	1566.8006	1
47006	1566.8339	1
47007	1566.8673	1
47008	1566.9006	1
47009	1566.9339	1
47010	1566.9673	1
47011	1567.0006	1
47012	1567.0339	1
47013	1567.0673	1
47014	1567.1006	1
47015	1567.1339	1
47016	1567.1673	1
47017	1567.2006	1
47018	1567.2339	1
47019	1567.2673	1
47020	1567.3006	1
47021	1567.3339	1
47022	1567.3673	1
47023	1567.4006	1
47024	1567.4339	1
47025	1567.4673	1
47026	1567.5006	1
47027	1567.5339	1
47028	1567.5673	1
47029	1567.6006	1
47030	1567.6339	1
47031	1567.6673	1
47032	1567.7006	1
47033	1567.7339	1
47034	1567.7673	1
47035	1567.8006	1
47036	1567.8339	1
47037	1567.8673	1
47038	1567.9006	1
47039	1567.9339	1
47040	1567.9673	1
47041	1568.0006	1
47042	1568.0339	1
47043	1568.0673	1
47044	1568.1006	1
47045	1568.1339	1
47046	1568.1673	1
47047	1568.2006	1
47048	1568.2339	1
47049	1568.2673	1
47050	1568.3006	1
47051	1568.3339	1
47052	1568.3673	1
47053	1568.4006	1
47054	1568.4339	1
47055	1568.4673	1
47056	1568.5006	1
47057	1568.5339	1
47058	1568.5673	1
47059	1568.6006	1
47060	1568.6339	1
47061	1568.6673	1
47062	1568.7006	1
47063	1568.7339	1
47064	1568.7673	1
47065	1568.8006	1
47066	1568.8339	1
47067	1568.8673	1
47068	1568.9006	1
47069	1568.9339	1
47070	1568.9673	1
47071	1569.0006	1
47072	1569.0339	1
47073	1569.0673	1
47074	1569.1006	1
47075	1569.1339	1
47076	1569.1673	1
47077	1569.2006	1
47078	1569.2339	1
47079	1569.2673	1
47080	1569.3006	1
47081	1569.3339	1
47082	1569.3673	1
47083	1569.4006	1
47084	1569.4339	1
47085	1569.4673	1
47086	1569.5006	1
47087	1569.5339	1
47088	1569.5673	1
47089	1569.6006	1
47090	1569.6339	1
47091	1569.6673	1
47092	1569.7006	1
47093	1569.7339	1
47094	1569.7673	1
47095	1569.8006	1
47096	1569.8339	1
47097	1569.8673	1
47098	1569.9006	1
47099	1569.9339	1
47100	1569.9673	1
47101	1570.0006	1
47102	1570.0339	1
47103	1570.0673	1
47104	1570.1006	1
47105	1570.1339	1
47106	1570.1673	1
47107	1570.2006	1
47108	1570.2339	1
47109	1570.2673	1
47110	1570.3006	1
47111	1570.3339	1
47112	1570.3673	1
47113	1570.4006	1
47114	1570.4339	1
47115	1570.4673	1
47116	1570.5006	1
47117	1570.5339	1
47118	1570.5673	1
47119	1570.6006	1
47120	1570.6339	1
47121	1570.6673	1
47122	1570.7006	1
47123	1570.7339	1
47124	1570.7673	1
47125	1570.8006	1
47126	1570.8339	1
47127	1570.8673	1
47128	1570.9006	1
47129	1570.9339	1
47130	1570.9673	1
47131	1571.0006	1
47132	1571.0339	1
47133	1571.0673	1
47134	1571.1006	1
47135	1571.1339	1
47136	1571.1673	1
47137	1571.2006	1
47138	1571.2339	1
47139	1571.2673	1
47140	1571.3006	1
47141	1571.3339	1
47142	1571.3673	1
47143	1571.4006	1
47144	1571.4339	1
47145	1571.4673	1
47146	1571.5006	1
47147	1571.5339	1
47148	1571.5673	1
47149	1571.6006	1
47150	1571.6339	1
47151	1571.6673	1
47152	1571.7006	1
47153	1571.7339	1
47154	1571.7673	1
47155	1571.8006	1
47156	1571.8339	1
47157	1571.8673	1
47158	1571.9006	1
47159	1571.9339	1
47160	1571.9673	1
47161	1572.0006	1
47162	1572.0339	1
47163	1572.0673	1
47164	1572.1006	1
47165	1572.1339	1
47166	1572.1673	1
47167	1572.2006	1
47168	1572.2339	1
47169	1572.2673	1
47170	1572.3006	1
47171	1572.3339	1
47172	1572.3673	1
47173	1572.4006	1
47174	1572.4339	1
47175	1572.4673	1
47176	1572.5006	1
47177	1572.5339	1
47178	1572.5673	1
47179	1572.6006	1
47180	1572.6339	1
47181	1572.6673	1
47182	1572.7006	1
47183	1572.7339	1
47184	1572.7673	1
47185	1572.8006	1
47186	1572.8339	1
47187	1572.8673	1
47188	1572.9006	1
47189	1572.9339	1
47190	1572.9673	1
47191	1573.0006	1
47192	1573.0339	1
47193	1573.0673	1
47194	1573.1006	1
47195	1573.1339	1
47196	1573.1673	1
47197	1573.2006	1
47198	1573.2339	1
47199	1573.2673	1
47200	1573.3006	1
47201	1573.3339	1
47202	1573.3673	1
47203	1573.4006	1
47204	1573.4339	1
47205	1573.4673	1
47206	1573.5006	1
47207	1573.5339	1
47208	1573.5673	1
47209	1573.6006	1
47210	1573.6339	1
47211	1573.6673	1
47212	1573.7006	1
47213	1573.7339	1
47214	1573.7673	1
47215	1573.8006	1
47216	1573.8339	1
47217	1573.8673	1
47218	1573.9006	1
47219	1573.9339	1
47220	1573.9673	1
47221	1574.0006	1
47222	1574.0339	1
47223	1574.0673	1
47224	1574.1006	1
47225	1574.1339	1
47226	1574.1673	1
47227	1574.2006	1
47228	1574.2339	1
47229	1574.2673	1
47230	1574.3006	1
47231	1574.3339	1
47232	1574.3673	1
47233	1574.4006	1
47234	1574.4339	1
47235	1574.4673	1
47236	1574.5006	1
47237	1574.5339	1
47238	1574.5673	1
47239	1574.6006	1
47240	1574.6339	1
47241	1574.6673	1
47242	1574.7006	1
47243	1574.7339	1
47244	1574.7673	1
47245	1574.8006	1
47246	1574.8339	1
47247	1574.8673	1
47248	1574.9006	1
47249	1574.9339	1
47250	1574.9673	1
47251	1575.0006	1
47252	1575.0339	1
47253	1575.0673	1
47254	1575.1006	0
47255	1575.1339	0
47256	1575.1673	0
47257	1575.2006	0
47258	1575.2339	0
47259	1575.2673	0
47260	1575.3006	0
47261	1575.3339	0
47262	1575.3673	0
47263	1575.4006	0
47264	1575.4339	0
47265	1575.4673	0
47266	1575.5006	0
47267	1575.5339	0
47268	1575.5673	0
47269	1575.6006	0
47270	1575.6339	0
47271	1575.6673	0
47272	1575.7006	0
47273	1575.7339	0
47274	1575.7673	0
47275	1575.8006	0
47276	1575.8339	0
47277	1575.8673	0
47278	1575.9006	0
47279	1575.9339	0
47280	1575.9673	0
47281	1576.0006	0
47282	1576.0339	0
47283	1576.0673	0
47284	1576.1006	0
47285	1576.1339	0
47286	1576.1673	0
47287	1576.2006	0
47288	1576.2339	0
47289	1576.2673	0
47290	1576.3006	0
47291	1576.3339	0
47292	1576.3673	0
47293	1576.4006	0
47294	1576.4339	0
47295	1576.4673	0
47296	1576.5006	0
47297	1576.5339	0
47298	1576.5673	0
47299	1576.6006	0
47300	1576.6339	0
47301	1576.6673	0
47302	1576.7006	0
47303	1576.7339	0
47304	1576.7673	0
47305	1576.8006	0
47306	1576.8339	0
47307	1576.8673	0
47308	1576.9006	0
47309	1576.9339	0
47310	1576.9673	0
47311	1577.0006	0
47312	1577.0339	0
47313	1577.0673	0
47314	1577.1006	0
47315	1577.1339	0
47316	1577.1673	0
47317	1577.2006	0
47318	1577.2339	0
47319	1577.2673	0
47320	1577.3006	0
47321	1577.3339	0
47322	1577.3673	1
47323	1577.4006	1
47324	1577.4339	1
47325	1577.4673	1
47326	1577.5006	1
47327	1577.5339	1
47328	1577.5673	1
47329	1577.6006	1
47330	1577.6339	1
47331	1577.6673	1
47332	1577.7006	1
47333	1577.7339	1
47334	1577.7673	1
47335	1577.8006	1
47336	1577.8339	1
47337	1577.8673	1
47338	1577.9006	1
47339	1577.9339	1
47340	1577.9673	1
47341	1578.0006	1
47342	1578.0339	1
47343	1578.0673	1
47344	1578.1006	1
47345	1578.1339	1
47346	1578.1673	1
47347	1578.2006	1
47348	1578.2339	1
47349	1578.2673	1
47350	1578.3006	1
47351	1578.3339	1
47352	1578.3673	1
47353	1578.4006	1
47354	1578.4339	1
47355	1578.4673	1
47356	1578.5006	1
47357	1578.5339	1
47358	1578.5673	1
47359	1578.6006	1
47360	1578.6339	1
47361	1578.6673	1
47362	1578.7006	1
47363	1578.7339	1
47364	1578.7673	1
47365	1578.8006	1
47366	1578.8339	1
47367	1578.8673	1
47368	1578.9006	1
47369	1578.9339	1
47370	1578.9673	1
47371	1579.0006	1
47372	1579.0339	1
47373	1579.0673	1
47374	1579.1006	1
47375	1579.1339	1
47376	1579.1673	1
47377	1579.2006	1
47378	1579.2339	1
47379	1579.2673	1
47380	1579.3006	1
47381	1579.3339	1
47382	1579.3673	1
47383	1579.4006	1
47384	1579.4339	1
47385	1579.4673	1
47386	1579.5006	1
47387	1579.5339	0
47388	1579.5673	0
47389	1579.6006	0
47390	1579.6339	0
47391	1579.6673	0
47392	1579.7006	0
47393	1579.7339	0
47394	1579.7673	0
47395	1579.8006	0
47396	1579.8339	0
47397	1579.8673	0
47398	1579.9006	0
47399	1579.9339	0
47400	1579.9673	0
47401	1580.0006	0
47402	1580.0339	0
47403	1580.0673	0
47404	1580.1006	0
47405	1580.1339	0
47406	1580.1673	0
47407	1580.2006	0
47408	1580.2339	0
47409	1580.2673	0
47410	1580.3006	0
47411	1580.3339	0
47412	1580.3673	0
47413	1580.4006	0
47414	1580.4339	0
47415	1580.4673	0
47416	1580.5006	0
47417	1580.5339	0
47418	1580.5673	0
47419	1580.6006	0
47420	1580.6339	0
47421	1580.6673	0
47422	1580.7006	0
47423	1580.7339	0
47424	1580.7673	0
47425	1580.8006	0
47426	1580.8339	0
47427	1580.8673	0
47428	1580.9006	0
47429	1580.9339	0
47430	1580.9673	0
47431	1581.0006	0
47432	1581.0339	0
47433	1581.0673	0
47434	1581.1006	0
47435	1581.1339	0
47436	1581.1673	0
47437	1581.2006	0
47438	1581.2339	0
47439	1581.2673	0
47440	1581.3006	0
47441	1581.3339	0
47442	1581.3673	0
47443	1581.4006	0
47444	1581.4339	0
47445	1581.4673	0
47446	1581.5006	0
47447	1581.5339	0
47448	1581.5673	0
47449	1581.6006	0
47450	1581.6339	0
47451	1581.6673	0
47452	1581.7006	0
47453	1581.7339	0
47454	1581.7673	1
47455	1581.8006	1
47456	1581.8339	1
47457	1581.8673	1
47458	1581.9006	1
47459	1581.9339	1
47460	1581.9673	1
47461	1582.0006	1
47462	1582.0339	1
47463	1582.0673	1
47464	1582.1006	1
47465	1582.1339	1
47466	1582.1673	1
47467	1582.2006	1
47468	1582.2339	1
47469	1582.2673	1
47470	1582.3006	1
47471	1582.3339	1
47472	1582.3673	1
47473	1582.4006	1
47474	1582.4339	1
47475	1582.4673	1
47476	1582.5006	1
47477	1582.5339	1
47478	1582.5673	1
47479	1582.6006	1
47480	1582.6339	1
47481	1582.6673	1
47482	1582.7006	1
47483	1582.7339	1
47484	1582.7673	1
47485	1582.8006	1
47486	1582.8339	1
47487	1582.8673	1
47488	1582.9006	1
47489	1582.9339	1
47490	1582.9673	1
47491	1583.0006	1
47492	1583.0339	1
47493	1583.0673	1
47494	1583.1006	1
47495	1583.1339	1
47496	1583.1673	1
47497	1583.2006	1
47498	1583.2339	1
47499	1583.2673	1
47500	1583.3006	1
47501	1583.3339	1
47502	1583.3673	1
47503	1583.4006	1
47504	1583.4339	1
47505	1583.4673	1
47506	1583.5006	1
47507	1583.5339	1
47508	1583.5673	1
47509	1583.6006	1
47510	1583.6339	1
47511	1583.6673	1
47512	1583.7006	1
47513	1583.7339	1
47514	1583.7673	1
47515	1583.8006	1
47516	1583.8339	1
47517	1583.8673	1
47518	1583.9006	1
47519	1583.9339	1
47520	1583.9673	1
47521	1584.0006	1
47522	1584.0339	1
47523	1584.0673	1
47524	1584.1006	1
47525	1584.1339	1
47526	1584.1673	1
47527	1584.2006	1
47528	1584.2339	1
47529	1584.2673	1
47530	1584.3006	1
47531	1584.3339	1
47532	1584.3673	1
47533	1584.4006	1
47534	1584.4339	1
47535	1584.4673	1
47536	1584.5006	1
47537	1584.5339	1
47538	1584.5673	1
47539	1584.6006	1
47540	1584.6339	1
47541	1584.6673	1
47542	1584.7006	1
47543	1584.7339	1
47544	1584.7673	1
47545	1584.8006	1
47546	1584.8339	1
47547	1584.8673	1
47548	1584.9006	1
47549	1584.9339	1
47550	1584.9673	0
47551	1585.0006	0
47552	1585.0339	0
47553	1585.0673	0
47554	1585.1006	0
47555	1585.1339	0
47556	1585.1673	0
47557	1585.2006	0
47558	1585.2339	0
47559	1585.2673	0
47560	1585.3006	0
47561	1585.3339	0
47562	1585.3673	0
47563	1585.4006	0
47564	1585.4339	0
47565	1585.4673	0
47566	1585.5006	0
47567	1585.5339	0
47568	1585.5673	0
47569	1585.6006	0
47570	1585.6339	0
47571	1585.6673	0
47572	1585.7006	0
47573	1585.7339	0
47574	1585.7673	0
47575	1585.8006	0
47576	1585.8339	0
47577	1585.8673	0
47578	1585.9006	0
47579	1585.9339	0
47580	1585.9673	0
47581	1586.0006	0
47582	1586.0339	0
47583	1586.0673	0
47584	1586.1006	0
47585	1586.1339	0
47586	1586.1673	0
47587	1586.2006	0
47588	1586.2339	0
47589	1586.2673	0
47590	1586.3006	0
47591	1586.3339	0
47592	1586.3673	0
47593	1586.4006	0
47594	1586.4339	0
47595	1586.4673	0
47596	1586.5006	0
47597	1586.5339	1
47598	1586.5673	1
47599	1586.6006	1
47600	1586.6339	1
47601	1586.6673	1
47602	1586.7006	1
47603	1586.7339	1
47604	1586.7673	1
47605	1586.8006	1
47606	1586.8339	1
47607	1586.8673	1
47608	1586.9006	1
47609	1586.9339	1
47610	1586.9673	1
47611	1587.0006	1
47612	1587.0339	1
47613	1587.0673	1
47614	1587.1006	1
47615	1587.1339	1
47616	1587.1673	1
47617	1587.2006	1
47618	1587.2339	1
47619	1587.2673	1
47620	1587.3006	1
47621	1587.3339	1
47622	1587.3673	1
47623	1587.4006	1
47624	1587.4339	1
47625	1587.4673	1
47626	1587.5006	1
47627	1587.5339	1
47628	1587.5673	1
47629	1587.6006	1
47630	1587.6339	1
47631	1587.6673	1
47632	1587.7006	1
47633	1587.7339	1
47634	1587.7673	1
47635	1587.8006	1
47636	1587.8339	1
47637	1587.8673	1
47638	1587.9006	1
47639	1587.9339	1
47640	1587.9673	1
47641	1588.0006	1
47642	1588.0339	1
47643	1588.0673	1
47644	1588.1006	1
47645	1588.1339	1
47646	1588.1673	1
47647	1588.2006	1
47648	1588.2339	1
47649	1588.2673	1
47650	1588.3006	1
47651	1588.3339	1
47652	1588.3673	1
47653	1588.4006	1
47654	1588.4339	1
47655	1588.4673	1
47656	1588.5006	1
47657	1588.5339	1
47658	1588.5673	1
47659	1588.6006	1
47660	1588.6339	1
47661	1588.6673	1
47662	1588.7006	1
47663	1588.7339	1
47664	1588.7673	1
47665	1588.8006	1
47666	1588.8339	1
47667	1588.8673	1
47668	1588.9006	1
47669	1588.9339	1
47670	1588.9673	1
47671	1589.0006	1
47672	1589.0339	1
47673	1589.0673	1
47674	1589.1006	1
47675	1589.1339	1
47676	1589.1673	1
47677	1589.2006	1
47678	1589.2339	1
47679	1589.2673	1
47680	1589.3006	1
47681	1589.3339	1
47682	1589.3673	1
47683	1589.4006	1
47684	1589.4339	1
47685	1589.4673	1
47686	1589.5006	1
47687	1589.5339	1
47688	1589.5673	1
47689	1589.6006	1
47690	1589.6339	1
47691	1589.6673	1
47692	1589.7006	1
47693	1589.7339	1
47694	1589.7673	1
47695	1589.8006	1
47696	1589.8339	1
47697	1589.8673	1
47698	1589.9006	1
47699	1589.9339	1
47700	1589.9673	1
47701	1590.0006	1
47702	1590.0339	1
47703	1590.0673	1
47704	1590.1006	1
47705	1590.1339	1
47706	1590.1673	1
47707	1590.2006	0
47708	1590.2339	0
47709	1590.2673	0
47710	1590.3006	0
47711	1590.3339	0
47712	1590.3673	0
47713	1590.4006	0
47714	1590.4339	0
47715	1590.4673	0
47716	1590.5006	0
47717	1590.5339	0
47718	1590.5673	0
47719	1590.6006	0
47720	1590.6339	0
47721	1590.6673	0
47722	1590.7006	0
47723	1590.7339	0
47724	1590.7673	0
47725	1590.8006	0
47726	1590.8339	0
47727	1590.8673	0
47728	1590.9006	0
47729	1590.9339	0
47730	1590.9673	0
47731	1591.0006	0
47732	1591.0339	0
47733	1591.0673	0
47734	1591.1006	0
47735	1591.1339	0
47736	1591.1673	0
47737	1591.2006	0
47738	1591.2339	0
47739	1591.2673	0
47740	1591.3006	0
47741	1591.3339	0
47742	1591.3673	0
47743	1591.4006	0
47744	1591.4339	0
47745	1591.4673	0
47746	1591.5006	0
47747	1591.5339	0
47748	1591.5673	0
47749	1591.6006	0
47750	1591.6339	0
47751	1591.6673	0
47752	1591.7006	0
47753	1591.7339	0
47754	1591.7673	0
47755	1591.8006	0
47756	1591.8339	0
47757	1591.8673	0
47758	1591.9006	0
47759	1591.9339	0
47760	1591.9673	0
47761	1592.0006	0
47762	1592.0339	0
47763	1592.0673	0
47764	1592.1006	0
47765	1592.1339	0
47766	1592.1673	0
47767	1592.2006	0
47768	1592.2339	0
47769	1592.2673	0
47770	1592.3006	0
47771	1592.3339	0
47772	1592.3673	0
47773	1592.4006	0
47774	1592.4339	0
47775	1592.4673	0
47776	1592.5006	0
47777	1592.5339	0
47778	1592.5673	0
47779	1592.6006	0
47780	1592.6339	0
47781	1592.6673	0
47782	1592.7006	0
47783	1592.7339	0
47784	1592.7673	0
47785	1592.8006	0
47786	1592.8339	0
47787	1592.8673	0
47788	1592.9006	0
47789	1592.9339	0
47790	1592.9673	0
47791	1593.0006	0
47792	1593.0339	0
47793	1593.0673	0
47794	1593.1006	0
47795	1593.1339	0
47796	1593.1673	0
47797	1593.2006	0
47798	1593.2339	0
47799	1593.2673	0
47800	1593.3006	0
47801	1593.3339	0
47802	1593.3673	0
47803	1593.4006	0
47804	1593.4339	0
47805	1593.4673	0
47806	1593.5006	0
47807	1593.5339	0
47808	1593.5673	0
47809	1593.6006	0
47810	1593.6339	0
47811	1593.6673	0
47812	1593.7006	0
47813	1593.7339	0
47814	1593.7673	0
47815	1593.8006	0
47816	1593.8339	0
47817	1593.8673	0
47818	1593.9006	0
47819	1593.9339	0
47820	1593.9673	0
47821	1594.0006	0
47822	1594.0339	0
47823	1594.0673	0
47824	1594.1006	0
47825	1594.1339	0
47826	1594.1673	0
47827	1594.2006	0
47828	1594.2339	0
47829	1594.2673	0
47830	1594.3006	0
47831	1594.3339	0
47832	1594.3673	0
47833	1594.4006	0
47834	1594.4339	0
47835	1594.4673	0
47836	1594.5006	0
47837	1594.5339	0
47838	1594.5673	0
47839	1594.6006	0
47840	1594.6339	0
47841	1594.6673	0
47842	1594.7006	0
47843	1594.7339	0
47844	1594.7673	0
47845	1594.8006	0
47846	1594.8339	0
47847	1594.8673	0
47848	1594.9006	0
47849	1594.9339	0
47850	1594.9673	0
47851	1595.0006	0
47852	1595.0339	0
47853	1595.0673	0
47854	1595.1006	1
47855	1595.1339	1
47856	1595.1673	1
47857	1595.2006	1
47858	1595.2339	1
47859	1595.2673	1
47860	1595.3006	1
47861	1595.3339	1
47862	1595.3673	1
47863	1595.4006	1
47864	1595.4339	1
47865	1595.4673	1
47866	1595.5006	1
47867	1595.5339	1
47868	1595.5673	1
47869	1595.6006	1
47870	1595.6339	1
47871	1595.6673	1
47872	1595.7006	1
47873	1595.7339	1
47874	1595.7673	1
47875	1595.8006	1
47876	1595.8339	1
47877	1595.8673	1
47878	1595.9006	1
47879	1595.9339	1
47880	1595.9673	1
47881	1596.0006	1
47882	1596.0339	1
47883	1596.0673	1
47884	1596.1006	1
47885	1596.1339	1
47886	1596.1673	1
47887	1596.2006	1
47888	1596.2339	1
47889	1596.2673	1
47890	1596.3006	1
47891	1596.3339	1
47892	1596.3673	1
47893	1596.4006	1
47894	1596.4339	1
47895	1596.4673	1
47896	1596.5006	1
47897	1596.5339	1
47898	1596.5673	1
47899	1596.6006	1
47900	1596.6339	1
47901	1596.6673	1
47902	1596.7006	1
47903	1596.7339	1
47904	1596.7673	1
47905	1596.8006	1
47906	1596.8339	0
47907	1596.8673	0
47908	1596.9006	0
47909	1596.9339	0
47910	1596.9673	0
47911	1597.0006	0
47912	1597.0339	0
47913	1597.0673	0
47914	1597.1006	0
47915	1597.1339	0
47916	1597.1673	0
47917	1597.2006	0
47918	1597.2339	0
47919	1597.2673	0
47920	1597.3006	0
47921	1597.3339	0
47922	1597.3673	0
47923	1597.4006	0
47924	1597.4339	0
47925	1597.4673	0
47926	1597.5006	0
47927	1597.5339	0
47928	1597.5673	0
47929	1597.6006	0
47930	1597.6339	0
47931	1597.6673	0
47932	1597.7006	0
47933	1597.7339	0
47934	1597.7673	0
47935	1597.8006	0
47936	1597.8339	0
47937	1597.8673	0
47938	1597.9006	0
47939	1597.9339	0
47940	1597.9673	0
47941	1598.0006	0
47942	1598.0339	0
47943	1598.0673	0
47944	1598.1006	0
47945	1598.1339	0
47946	1598.1673	0
47947	1598.2006	0
47948	1598.2339	0
47949	1598.2673	0
47950	1598.3006	0
47951	1598.3339	0
47952	1598.3673	0
47953	1598.4006	0
47954	1598.4339	0
47955	1598.4673	0
47956	1598.5006	0
47957	1598.5339	0
47958	1598.5673	0
47959	1598.6006	0
47960	1598.6339	0
47961	1598.6673	0
47962	1598.7006	0
47963	1598.7339	0
47964	1598.7673	0
47965	1598.8006	0
47966	1598.8339	0
47967	1598.8673	0
47968	1598.9006	0
47969	1598.9339	0
47970	1598.9673	0
47971	1599.0006	0
47972	1599.0339	0
47973	1599.0673	0
47974	1599.1006	0
47975	1599.1339	0
47976	1599.1673	0
47977	1599.2006	0
47978	1599.2339	0
47979	1599.2673	0
47980	1599.3006	0
47981	1599.3339	0
47982	1599.3673	0
47983	1599.4006	0
47984	1599.4339	0
47985	1599.4673	0
47986	1599.5006	0
47987	1599.5339	0
47988	1599.5673	0
47989	1599.6006	0
47990	1599.6339	0
47991	1599.6673	0
47992	1599.7006	0
47993	1599.7339	0
47994	1599.7673	0
47995	1599.8006	0
47996	1599.8339	0
47997	1599.8673	0
47998	1599.9006	0
47999	1599.9339	0
48000	1599.9673	0
48001	1600.0006	0
48002	1600.0339	0
48003	1600.0673	0
48004	1600.1006	0
48005	1600.1339	0
48006	1600.1673	0
48007	1600.2006	0
48008	1600.2339	0
48009	1600.2673	0
48010	1600.3006	0
48011	1600.3339	0
48012	1600.3673	0
48013	1600.4006	0
48014	1600.4339	0
48015	1600.4673	0
48016	1600.5006	0
48017	1600.5339	0
48018	1600.5673	0
48019	1600.6006	0
48020	1600.6339	0
48021	1600.6673	0
48022	1600.7006	0
48023	1600.7339	0
48024	1600.7673	0
48025	1600.8006	0
48026	1600.8339	0
48027	1600.8673	0
48028	1600.9006	0
48029	1600.9339	0
48030	1600.9673	0
48031	1601.0006	0
48032	1601.0339	0
48033	1601.0673	0
48034	1601.1006	0
48035	1601.1339	0
48036	1601.1673	0
48037	1601.2006	0
48038	1601.2339	0
48039	1601.2673	0
48040	1601.3006	0
48041	1601.3339	0
48042	1601.3673	0
48043	1601.4006	0
48044	1601.4339	0
48045	1601.4673	0
48046	1601.5006	0
48047	1601.5339	0
48048	1601.5673	0
48049	1601.6006	0
48050	1601.6339	0
48051	1601.6673	0
48052	1601.7006	0
48053	1601.7339	0
48054	1601.7673	0
48055	1601.8006	0
48056	1601.8339	0
48057	1601.8673	0
48058	1601.9006	0
48059	1601.9339	0
48060	1601.9673	0
48061	1602.0006	0
48062	1602.0339	0
48063	1602.0673	0
48064	1602.1006	0
48065	1602.1339	0
48066	1602.1673	0
48067	1602.2006	0
48068	1602.2339	0
48069	1602.2673	0
48070	1602.3006	0
48071	1602.3339	0
48072	1602.3673	0
48073	1602.4006	0
48074	1602.4339	0
48075	1602.4673	0
48076	1602.5006	0
48077	1602.5339	0
48078	1602.5673	0
48079	1602.6006	0
48080	1602.6339	0
48081	1602.6673	0
48082	1602.7006	0
48083	1602.7339	0
48084	1602.7673	0
48085	1602.8006	0
48086	1602.8339	0
48087	1602.8673	0
48088	1602.9006	0
48089	1602.9339	0
48090	1602.9673	0
48091	1603.0006	0
48092	1603.0339	0
48093	1603.0673	0
48094	1603.1006	0
48095	1603.1339	0
48096	1603.1673	0
48097	1603.2006	0
48098	1603.2339	0
48099	1603.2673	0
48100	1603.3006	0
48101	1603.3339	0
48102	1603.3673	0
48103	1603.4006	0
48104	1603.4339	0
48105	1603.4673	0
48106	1603.5006	0
48107	1603.5339	0
48108	1603.5673	0
48109	1603.6006	0
48110	1603.6339	0
48111	1603.6673	0
48112	1603.7006	0
48113	1603.7339	0
48114	1603.7673	0
48115	1603.8006	0
48116	1603.8339	0
48117	1603.8673	0
48118	1603.9006	0
48119	1603.9339	0
48120	1603.9673	0
48121	1604.0006	0
48122	1604.0339	0
48123	1604.0673	1
48124	1604.1006	0
48125	1604.1339	0
48126	1604.1673	0
48127	1604.2006	0
48128	1604.2339	0
48129	1604.2673	0
48130	1604.3006	0
48131	1604.3339	0
48132	1604.3673	0
48133	1604.4006	0
48134	1604.4339	0
48135	1604.4673	0
48136	1604.5006	0
48137	1604.5339	0
48138	1604.5673	0
48139	1604.6006	0
48140	1604.6339	0
48141	1604.6673	0
48142	1604.7006	0
48143	1604.7339	0
48144	1604.7673	0
48145	1604.8006	0
48146	1604.8339	0
48147	1604.8673	0
48148	1604.9006	0
48149	1604.9339	0
48150	1604.9673	0
48151	1605.0006	0
48152	1605.0339	0
48153	1605.0673	0
48154	1605.1006	0
48155	1605.1339	0
48156	1605.1673	0
48157	1605.2006	0
48158	1605.2339	0
48159	1605.2673	0
48160	1605.3006	0
48161	1605.3339	0
48162	1605.3673	0
48163	1605.4006	0
48164	1605.4339	0
48165	1605.4673	0
48166	1605.5006	0
48167	1605.5339	0
48168	1605.5673	0
48169	1605.6006	0
48170	1605.6339	0
48171	1605.6673	0
48172	1605.7006	0
48173	1605.7339	0
48174	1605.7673	0
48175	1605.8006	0
48176	1605.8339	0
48177	1605.8673	0
48178	1605.9006	0
48179	1605.9339	0
48180	1605.9673	0
48181	1606.0006	0
48182	1606.0339	0
48183	1606.0673	0
48184	1606.1006	0
48185	1606.1339	0
48186	1606.1673	0
48187	1606.2006	0
48188	1606.2339	0
48189	1606.2673	0
48190	1606.3006	0
48191	1606.3339	0
48192	1606.3673	0
48193	1606.4006	0
48194	1606.4339	0
48195	1606.4673	0
48196	1606.5006	0
48197	1606.5339	0
48198	1606.5673	0
48199	1606.6006	0
48200	1606.6339	0
48201	1606.6673	0
48202	1606.7006	0
48203	1606.7339	0
48204	1606.7673	0
48205	1606.8006	0
48206	1606.8339	0
48207	1606.8673	0
48208	1606.9006	0
48209	1606.9339	0
48210	1606.9673	0
48211	1607.0006	0
48212	1607.0339	0
48213	1607.0673	0
48214	1607.1006	0
48215	1607.1339	0
48216	1607.1673	0
48217	1607.2006	0
48218	1607.2339	0
48219	1607.2673	0
48220	1607.3006	0
48221	1607.3339	0
48222	1607.3673	0
48223	1607.4006	0
48224	1607.4339	0
48225	1607.4673	0
48226	1607.5006	0
48227	1607.5339	0
48228	1607.5673	0
48229	1607.6006	0
48230	1607.6339	0
48231	1607.6673	0
48232	1607.7006	0
48233	1607.7339	0
48234	1607.7673	0
48235	1607.8006	0
48236	1607.8339	0
48237	1607.8673	0
48238	1607.9006	0
48239	1607.9339	0
48240	1607.9673	0
48241	1608.0006	0
48242	1608.0339	0
48243	1608.0673	0
48244	1608.1006	0
48245	1608.1339	0
48246	1608.1673	0
48247	1608.2006	0
48248	1608.2339	0
48249	1608.2673	0
48250	1608.3006	0
48251	1608.3339	0
48252	1608.3673	0
48253	1608.4006	0
48254	1608.4339	0
48255	1608.4673	0
48256	1608.5006	0
48257	1608.5339	0
48258	1608.5673	0
48259	1608.6006	0
48260	1608.6339	0
48261	1608.6673	0
48262	1608.7006	0
48263	1608.7339	0
48264	1608.7673	0
48265	1608.8006	0
48266	1608.8339	0
48267	1608.8673	0
48268	1608.9006	0
48269	1608.9339	0
48270	1608.9673	0
48271	1609.0006	0
48272	1609.0339	0
48273	1609.0673	0
48274	1609.1006	0
48275	1609.1339	0
48276	1609.1673	0
48277	1609.2006	0
48278	1609.2339	0
48279	1609.2673	0
48280	1609.3006	0
48281	1609.3339	0
48282	1609.3673	0
48283	1609.4006	0
48284	1609.4339	0
48285	1609.4673	0
48286	1609.5006	0
48287	1609.5339	0
48288	1609.5673	0
48289	1609.6006	0
48290	1609.6340	0
48291	1609.6673	0
48292	1609.7006	0
48293	1609.7340	0
48294	1609.7673	0
48295	1609.8006	0
48296	1609.8340	0
48297	1609.8673	0
48298	1609.9006	0
48299	1609.9340	0
48300	1609.9673	0
48301	1610.0006	0
48302	1610.0340	0
48303	1610.0673	0
48304	1610.1006	0
48305	1610.1340	0
48306	1610.1673	0
48307	1610.2006	0
48308	1610.2340	0
48309	1610.2673	0
48310	1610.3006	0
48311	1610.3340	0
48312	1610.3673	0
48313	1610.4006	0
48314	1610.4340	0
48315	1610.4673	0
48316	1610.5006	0
48317	1610.5340	0
48318	1610.5673	0
48319	1610.6006	0
48320	1610.6340	0
48321	1610.6673	0
48322	1610.7006	0
48323	1610.7340	0
48324	1610.7673	0
48325	1610.8006	0
48326	1610.8340	0
48327	1610.8673	0
48328	1610.9006	0
48329	1610.9340	0
48330	1610.9673	0
48331	1611.0006	0
48332	1611.0340	0
48333	1611.0673	0
48334	1611.1006	0
48335	1611.1340	0
48336	1611.1673	0
48337	1611.2006	0
48338	1611.2340	0
48339	1611.2673	0
48340	1611.3006	0
48341	1611.3340	0
48342	1611.3673	0
48343	1611.4006	0
48344	1611.4340	0
48345	1611.4673	0
48346	1611.5006	0
48347	1611.5340	0
48348	1611.5673	0
48349	1611.6006	0
48350	1611.6340	0
48351	1611.6673	0
48352	1611.7006	0
48353	1611.7340	0
48354	1611.7673	0
48355	1611.8006	0
48356	1611.8340	0
48357	1611.8673	0
48358	1611.9006	0
48359	1611.9340	0
48360	1611.9673	0
48361	1612.0006	0
48362	1612.0340	0
48363	1612.0673	0
48364	1612.1006	0
48365	1612.1340	0
48366	1612.1673	0
48367	1612.2006	0
48368	1612.2340	0
48369	1612.2673	0
48370	1612.3006	0
48371	1612.3340	0
48372	1612.3673	0
48373	1612.4006	0
48374	1612.4340	0
48375	1612.4673	0
48376	1612.5006	0
48377	1612.5340	0
48378	1612.5673	0
48379	1612.6006	0
48380	1612.6340	0
48381	1612.6673	0
48382	1612.7006	0
48383	1612.7340	0
48384	1612.7673	0
48385	1612.8006	0
48386	1612.8340	0
48387	1612.8673	0
48388	1612.9006	0
48389	1612.9340	0
48390	1612.9673	0
48391	1613.0006	0
48392	1613.0340	0
48393	1613.0673	0
48394	1613.1006	0
48395	1613.1340	0
48396	1613.1673	0
48397	1613.2006	0
48398	1613.2340	0
48399	1613.2673	0
48400	1613.3006	0
48401	1613.3340	0
48402	1613.3673	0
48403	1613.4006	0
48404	1613.4340	0
48405	1613.4673	0
48406	1613.5006	0
48407	1613.5340	0
48408	1613.5673	0
48409	1613.6006	0
48410	1613.6340	0
48411	1613.6673	0
48412	1613.7006	0
48413	1613.7340	0
48414	1613.7673	0
48415	1613.8006	0
48416	1613.8340	0
48417	1613.8673	0
48418	1613.9006	0
48419	1613.9340	0
48420	1613.9673	0
48421	1614.0006	0
48422	1614.0340	0
48423	1614.0673	0
48424	1614.1006	0
48425	1614.1340	0
48426	1614.1673	0
48427	1614.2006	0
48428	1614.2340	0
48429	1614.2673	0
48430	1614.3006	0
48431	1614.3340	0
48432	1614.3673	0
48433	1614.4006	0
48434	1614.4340	0
48435	1614.4673	0
48436	1614.5006	0
48437	1614.5340	1
48438	1614.5673	1
48439	1614.6006	1
48440	1614.6340	1
48441	1614.6673	1
48442	1614.7006	1
48443	1614.7340	1
48444	1614.7673	1
48445	1614.8006	1
48446	1614.8340	1
48447	1614.8673	1
48448	1614.9006	1
48449	1614.9340	1
48450	1614.9673	1
48451	1615.0006	1
48452	1615.0340	1
48453	1615.0673	1
48454	1615.1006	1
48455	1615.1340	1
48456	1615.1673	1
48457	1615.2006	1
48458	1615.2340	1
48459	1615.2673	1
48460	1615.3006	1
48461	1615.3340	1
48462	1615.3673	1
48463	1615.4006	1
48464	1615.4340	1
48465	1615.4673	1
48466	1615.5006	1
48467	1615.5340	1
48468	1615.5673	1
48469	1615.6006	1
48470	1615.6340	1
48471	1615.6673	1
48472	1615.7006	1
48473	1615.7340	1
48474	1615.7673	1
48475	1615.8006	1
48476	1615.8340	1
48477	1615.8673	1
48478	1615.9006	1
48479	1615.9340	1
48480	1615.9673	1
48481	1616.0006	1
48482	1616.0340	1
48483	1616.0673	1
48484	1616.1006	1
48485	1616.1340	1
48486	1616.1673	1
48487	1616.2006	1
48488	1616.2340	1
48489	1616.2673	1
48490	1616.3006	1
48491	1616.3340	0
48492	1616.3673	0
48493	1616.4006	0
48494	1616.4340	0
48495	1616.4673	0
48496	1616.5006	0
48497	1616.5340	0
48498	1616.5673	0
48499	1616.6006	0
48500	1616.6340	0
48501	1616.6673	0
48502	1616.7006	0
48503	1616.7340	0
48504	1616.7673	0
48505	1616.8006	0
48506	1616.8340	0
48507	1616.8673	0
48508	1616.9006	0
48509	1616.9340	0
48510	1616.9673	0
48511	1617.0006	0
48512	1617.0340	0
48513	1617.0673	0
48514	1617.1006	0
48515	1617.1340	0
48516	1617.1673	0
48517	1617.2006	0
48518	1617.2340	0
48519	1617.2673	0
48520	1617.3006	0
48521	1617.3340	0
48522	1617.3673	0
48523	1617.4006	0
48524	1617.4340	0
48525	1617.4673	0
48526	1617.5006	0
48527	1617.5340	0
48528	1617.5673	0
48529	1617.6006	0
48530	1617.6340	0
48531	1617.6673	0
48532	1617.7006	0
48533	1617.7340	0
48534	1617.7673	0
48535	1617.8006	0
48536	1617.8340	0
48537	1617.8673	0
48538	1617.9006	0
48539	1617.9340	0
48540	1617.9673	0
48541	1618.0006	0
48542	1618.0340	0
48543	1618.0673	0
48544	1618.1006	0
48545	1618.1340	0
48546	1618.1673	0
48547	1618.2006	0
48548	1618.2340	0
48549	1618.2673	0
48550	1618.3006	0
48551	1618.3340	0
48552	1618.3673	0
48553	1618.4006	0
48554	1618.4340	0
48555	1618.4673	0
48556	1618.5006	0
48557	1618.5340	0
48558	1618.5673	0
48559	1618.6006	0
48560	1618.6340	0
48561	1618.6673	0
48562	1618.7006	0
48563	1618.7340	0
48564	1618.7673	0
48565	1618.8006	0
48566	1618.8340	0
48567	1618.8673	0
48568	1618.9006	0
48569	1618.9340	0
48570	1618.9673	1
48571	1619.0006	1
48572	1619.0340	1
48573	1619.0673	1
48574	1619.1006	1
48575	1619.1340	1
48576	1619.1673	1
48577	1619.2006	1
48578	1619.2340	1
48579	1619.2673	1
48580	1619.3006	1
48581	1619.3340	1
48582	1619.3673	1
48583	1619.4006	1
48584	1619.4340	1
48585	1619.4673	1
48586	1619.5006	1
48587	1619.5340	1
48588	1619.5673	1
48589	1619.6006	1
48590	1619.6340	1
48591	1619.6673	1
48592	1619.7006	1
48593	1619.7340	1
48594	1619.7673	1
48595	1619.8006	1
48596	1619.8340	1
48597	1619.8673	1
48598	1619.9006	1
48599	1619.9340	1
48600	1619.9673	1
48601	1620.0006	1
48602	1620.0340	1
48603	1620.0673	1
48604	1620.1006	1
48605	1620.1340	1
48606	1620.1673	1
48607	1620.2006	1
48608	1620.2340	1
48609	1620.2673	1
48610	1620.3006	1
48611	1620.3340	1
48612	1620.3673	1
48613	1620.4006	1
48614	1620.4340	1
48615	1620.4673	1
48616	1620.5006	1
48617	1620.5340	1
48618	1620.5673	1
48619	1620.6006	1
48620	1620.6340	1
48621	1620.6673	1
48622	1620.7006	1
48623	1620.7340	1
48624	1620.7673	1
48625	1620.8006	0
48626	1620.8340	0
48627	1620.8673	0
48628	1620.9006	0
48629	1620.9340	0
48630	1620.9673	0
48631	1621.0006	0
48632	1621.0340	0
48633	1621.0673	0
48634	1621.1006	0
48635	1621.1340	0
48636	1621.1673	0
48637	1621.2006	0
48638	1621.2340	0
48639	1621.2673	0
48640	1621.3006	0
48641	1621.3340	0
48642	1621.3673	0
48643	1621.4006	0
48644	1621.4340	0
48645	1621.4673	0
48646	1621.5006	0
48647	1621.5340	0
48648	1621.5673	0
48649	1621.6006	0
48650	1621.6340	0
48651	1621.6673	0
48652	1621.7006	0
48653	1621.7340	0
48654	1621.7673	0
48655	1621.8006	0
48656	1621.8340	0
48657	1621.8673	0
48658	1621.9006	0
48659	1621.9340	0
48660	1621.9673	0
48661	1622.0006	0
48662	1622.0340	0
48663	1622.0673	0
48664	1622.1006	0
48665	1622.1340	0
48666	1622.1673	0
48667	1622.2006	0
48668	1622.2340	0
48669	1622.2673	0
48670	1622.3006	0
48671	1622.3340	0
48672	1622.3673	0
48673	1622.4006	0
48674	1622.4340	0
48675	1622.4673	0
48676	1622.5006	0
48677	1622.5340	0
48678	1622.5673	0
48679	1622.6006	0
48680	1622.6340	0
48681	1622.6673	0
48682	1622.7006	0
48683	1622.7340	0
48684	1622.7673	0
48685	1622.8006	0
48686	1622.8340	0
48687	1622.8673	0
48688	1622.9006	0
48689	1622.9340	0
48690	1622.9673	0
48691	1623.0006	0
48692	1623.0340	0
48693	1623.0673	0
48694	1623.1006	0
48695	1623.1340	0
48696	1623.1673	0
48697	1623.2006	0
48698	1623.2340	0
48699	1623.2673	0
48700	1623.3006	0
48701	1623.3340	0
48702	1623.3673	0
48703	1623.4006	0
48704	1623.4340	0
48705	1623.4673	0
48706	1623.5006	0
48707	1623.5340	0
48708	1623.5673	0
48709	1623.6006	0
48710	1623.6340	0
48711	1623.6673	0
48712	1623.7006	0
48713	1623.7340	0
48714	1623.7673	0
48715	1623.8006	0
48716	1623.8340	0
48717	1623.8673	0
48718	1623.9006	0
48719	1623.9340	0
48720	1623.9673	0
48721	1624.0006	0
48722	1624.0340	0
48723	1624.0673	0
48724	1624.1006	0
48725	1624.1340	0
48726	1624.1673	0
48727	1624.2006	0
48728	1624.2340	0
48729	1624.2673	1
48730	1624.3006	1
48731	1624.3340	1
48732	1624.3673	1
48733	1624.4006	1
48734	1624.4340	1
48735	1624.4673	1
48736	1624.5006	1
48737	1624.5340	1
48738	1624.5673	1
48739	1624.6006	1
48740	1624.6340	1
48741	1624.6673	1
48742	1624.7006	1
48743	1624.7340	1
48744	1624.7673	1
48745	1624.8006	1
48746	1624.8340	1
48747	1624.8673	1
48748	1624.9006	1
48749	1624.9340	1
48750	1624.9673	1
48751	1625.0006	1
48752	1625.0340	1
48753	1625.0673	1
48754	1625.1006	1
48755	1625.1340	1
48756	1625.1673	1
48757	1625.2006	1
48758	1625.2340	1
48759	1625.2673	1
48760	1625.3006	1
48761	1625.3340	1
48762	1625.3673	1
48763	1625.4006	1
48764	1625.4340	1
48765	1625.4673	1
48766	1625.5006	1
48767	1625.5340	1
48768	1625.5673	1
48769	1625.6006	1
48770	1625.6340	1
48771	1625.6673	1
48772	1625.7006	1
48773	1625.7340	1
48774	1625.7673	1
48775	1625.8006	1
48776	1625.8340	1
48777	1625.8673	1
48778	1625.9006	1
48779	1625.9340	1
48780	1625.9673	1
48781	1626.0006	1
48782	1626.0340	1
48783	1626.0673	1
48784	1626.1006	1
48785	1626.1340	1
48786	1626.1673	1
48787	1626.2006	1
48788	1626.2340	1
48789	1626.2673	1
48790	1626.3006	1
48791	1626.3340	1
48792	1626.3673	1
48793	1626.4006	1
48794	1626.4340	1
48795	1626.4673	1
48796	1626.5006	1
48797	1626.5340	1
48798	1626.5673	1
48799	1626.6006	1
48800	1626.6340	1
48801	1626.6673	1
48802	1626.7006	1
48803	1626.7340	1
48804	1626.7673	1
48805	1626.8006	1
48806	1626.8340	1
48807	1626.8673	1
48808	1626.9006	1
48809	1626.9340	1
48810	1626.9673	1
48811	1627.0006	1
48812	1627.0340	1
48813	1627.0673	1
48814	1627.1006	1
48815	1627.1340	1
48816	1627.1673	1
48817	1627.2006	1
48818	1627.2340	1
48819	1627.2673	1
48820	1627.3006	1
48821	1627.3340	1
48822	1627.3673	1
48823	1627.4006	1
48824	1627.4340	1
48825	1627.4673	1
48826	1627.5006	1
48827	1627.5340	1
48828	1627.5673	1
48829	1627.6006	1
48830	1627.6340	1
48831	1627.6673	1
48832	1627.7006	1
48833	1627.7340	1
48834	1627.7673	1
48835	1627.8006	1
48836	1627.8340	1
48837	1627.8673	1
48838	1627.9006	1
48839	1627.9340	1
48840	1627.9673	1
48841	1628.0006	1
48842	1628.0340	1
48843	1628.0673	1
48844	1628.1006	1
48845	1628.1340	1
48846	1628.1673	1
48847	1628.2006	1
48848	1628.2340	1
48849	1628.2673	0
48850	1628.3006	1
48851	1628.3340	1
48852	1628.3673	1
48853	1628.4006	1
48854	1628.4340	1
48855	1628.4673	1
48856	1628.5006	1
48857	1628.5340	1
48858	1628.5673	1
48859	1628.6006	1
48860	1628.6340	1
48861	1628.6673	1
48862	1628.7006	1
48863	1628.7340	1
48864	1628.7673	1
48865	1628.8006	1
48866	1628.8340	1
48867	1628.8673	1
48868	1628.9006	1
48869	1628.9340	1
48870	1628.9673	1
48871	1629.0006	1
48872	1629.0340	1
48873	1629.0673	1
48874	1629.1006	1
48875	1629.1340	1
48876	1629.1673	1
48877	1629.2006	1
48878	1629.2340	1
48879	1629.2673	1
48880	1629.3006	1
48881	1629.3340	1
48882	1629.3673	1
48883	1629.4006	1
48884	1629.4340	1
48885	1629.4673	1
48886	1629.5006	1
48887	1629.5340	1
48888	1629.5673	1
48889	1629.6006	1
48890	1629.6340	1
48891	1629.6673	1
48892	1629.7006	1
48893	1629.7340	1
48894	1629.7673	1
48895	1629.8006	1
48896	1629.8340	1
48897	1629.8673	1
48898	1629.9006	1
48899	1629.9340	1
48900	1629.9673	1
48901	1630.0006	1
48902	1630.0340	1
48903	1630.0673	1
48904	1630.1006	1
48905	1630.1340	1
48906	1630.1673	1
48907	1630.2006	1
48908	1630.2340	1
48909	1630.2673	1
48910	1630.3006	1
48911	1630.3340	1
48912	1630.3673	1
48913	1630.4006	1
48914	1630.4340	1
48915	1630.4673	1
48916	1630.5006	1
48917	1630.5340	1
48918	1630.5673	1
48919	1630.6006	1
48920	1630.6340	1
48921	1630.6673	1
48922	1630.7006	1
48923	1630.7340	1
48924	1630.7673	1
48925	1630.8006	1
48926	1630.8340	1
48927	1630.8673	1
48928	1630.9006	1
48929	1630.9340	1
48930	1630.9673	1
48931	1631.0006	1
48932	1631.0340	1
48933	1631.0673	1
48934	1631.1006	1
48935	1631.1340	1
48936	1631.1673	1
48937	1631.2006	1
48938	1631.2340	1
48939	1631.2673	1
48940	1631.3006	1
48941	1631.3340	1
48942	1631.3673	1
48943	1631.4006	1
48944	1631.4340	1
48945	1631.4673	1
48946	1631.5006	1
48947	1631.5340	1
48948	1631.5673	1
48949	1631.6006	1
48950	1631.6340	1
48951	1631.6673	1
48952	1631.7006	1
48953	1631.7340	1
48954	1631.7673	1
48955	1631.8006	1
48956	1631.8340	1
48957	1631.8673	1
48958	1631.9006	1
48959	1631.9340	1
48960	1631.9673	1
48961	1632.0006	1
48962	1632.0340	1
48963	1632.0673	1
48964	1632.1006	1
48965	1632.1340	1
48966	1632.1673	1
48967	1632.2006	1
48968	1632.2340	1
48969	1632.2673	1
48970	1632.3006	1
48971	1632.3340	1
48972	1632.3673	1
48973	1632.4006	1
48974	1632.4340	1
48975	1632.4673	1
48976	1632.5006	1
48977	1632.5340	1
48978	1632.5673	1
48979	1632.6006	1
48980	1632.6340	1
48981	1632.6673	1
48982	1632.7006	1
48983	1632.7340	1
48984	1632.7673	1
48985	1632.8006	1
48986	1632.8340	1
48987	1632.8673	1
48988	1632.9006	1
48989	1632.9340	1
48990	1632.9673	1
48991	1633.0006	1
48992	1633.0340	1
48993	1633.0673	1
48994	1633.1006	1
48995	1633.1340	1
48996	1633.1673	1
48997	1633.2006	1
48998	1633.2340	1
48999	1633.2673	1
49000	1633.3006	1
49001	1633.3340	1
49002	1633.3673	1
49003	1633.4006	1
49004	1633.4340	1
49005	1633.4673	1
49006	1633.5006	1
49007	1633.5340	1
49008	1633.5673	1
49009	1633.6006	1
49010	1633.6340	1
49011	1633.6673	1
49012	1633.7006	1
49013	1633.7340	1
49014	1633.7673	1
49015	1633.8006	1
49016	1633.8340	1
49017	1633.8673	1
49018	1633.9006	1
49019	1633.9340	1
49020	1633.9673	1
49021	1634.0006	1
49022	1634.0340	1
49023	1634.0673	1
49024	1634.1006	1
49025	1634.1340	1
49026	1634.1673	1
49027	1634.2006	0
49028	1634.2340	0
49029	1634.2673	0
49030	1634.3006	0
49031	1634.3340	0
49032	1634.3673	0
49033	1634.4006	0
49034	1634.4340	0
49035	1634.4673	0
49036	1634.5006	0
49037	1634.5340	0
49038	1634.5673	0
49039	1634.6006	0
49040	1634.6340	0
49041	1634.6673	0
49042	1634.7006	0
49043	1634.7340	0
49044	1634.7673	0
49045	1634.8006	0
49046	1634.8340	0
49047	1634.8673	0
49048	1634.9006	0
49049	1634.9340	0
49050	1634.9673	0
49051	1635.0006	0
49052	1635.0340	0
49053	1635.0673	0
49054	1635.1006	0
49055	1635.1340	0
49056	1635.1673	0
49057	1635.2006	0
49058	1635.2340	0
49059	1635.2673	0
49060	1635.3006	0
49061	1635.3340	0
49062	1635.3673	0
49063	1635.4006	0
49064	1635.4340	0
49065	1635.4673	0
49066	1635.5006	0
49067	1635.5340	0
49068	1635.5673	0
49069	1635.6006	0
49070	1635.6340	0
49071	1635.6673	0
49072	1635.7006	0
49073	1635.7340	0
49074	1635.7673	0
49075	1635.8006	0
49076	1635.8340	0
49077	1635.8673	0
49078	1635.9006	0
49079	1635.9340	0
49080	1635.9673	0
49081	1636.0006	0
49082	1636.0340	0
49083	1636.0673	0
49084	1636.1006	0
49085	1636.1340	0
49086	1636.1673	0
49087	1636.2006	0
49088	1636.2340	0
49089	1636.2673	0
49090	1636.3006	0
49091	1636.3340	0
49092	1636.3673	0
49093	1636.4006	0
49094	1636.4340	0
49095	1636.4673	0
49096	1636.5006	0
49097	1636.5340	0
49098	1636.5673	0
49099	1636.6006	0
49100	1636.6340	0
49101	1636.6673	0
49102	1636.7006	0
49103	1636.7340	0
49104	1636.7673	0
49105	1636.8006	0
49106	1636.8340	0
49107	1636.8673	0
49108	1636.9006	0
49109	1636.9340	0
49110	1636.9673	0
49111	1637.0006	0
49112	1637.0340	0
49113	1637.0673	0
49114	1637.1006	0
49115	1637.1340	0
49116	1637.1673	0
49117	1637.2006	0
49118	1637.2340	0
49119	1637.2673	0
49120	1637.3006	0
49121	1637.3340	0
49122	1637.3673	0
49123	1637.4006	0
49124	1637.4340	0
49125	1637.4673	0
49126	1637.5006	0
49127	1637.5340	0
49128	1637.5673	0
49129	1637.6006	0
49130	1637.6340	0
49131	1637.6673	0
49132	1637.7006	0
49133	1637.7340	0
49134	1637.7673	0
49135	1637.8006	0
49136	1637.8340	0
49137	1637.8673	1
49138	1637.9006	1
49139	1637.9340	1
49140	1637.9673	1
49141	1638.0006	1
49142	1638.0340	1
49143	1638.0673	1
49144	1638.1006	1
49145	1638.1340	1
49146	1638.1673	1
49147	1638.2006	1
49148	1638.2340	1
49149	1638.2673	1
49150	1638.3006	1
49151	1638.3340	1
49152	1638.3673	1
49153	1638.4006	1
49154	1638.4340	1
49155	1638.4673	1
49156	1638.5006	1
49157	1638.5340	1
49158	1638.5673	1
49159	1638.6006	1
49160	1638.6340	0
49161	1638.6673	0
49162	1638.7006	0
49163	1638.7340	0
49164	1638.7673	0
49165	1638.8006	0
49166	1638.8340	0
49167	1638.8673	0
49168	1638.9006	0
49169	1638.9340	0
49170	1638.9673	0
49171	1639.0006	0
49172	1639.0340	0
49173	1639.0673	0
49174	1639.1006	0
49175	1639.1340	0
49176	1639.1673	0
49177	1639.2006	0
49178	1639.2340	0
49179	1639.2673	0
49180	1639.3006	0
49181	1639.3340	0
49182	1639.3673	0
49183	1639.4006	0
49184	1639.4340	0
49185	1639.4673	0
49186	1639.5006	0
49187	1639.5340	0
49188	1639.5673	0
49189	1639.6006	0
49190	1639.6340	0
49191	1639.6673	0
49192	1639.7006	0
49193	1639.7340	0
49194	1639.7673	0
49195	1639.8006	0
49196	1639.8340	0
49197	1639.8673	0
49198	1639.9006	0
49199	1639.9340	0
49200	1639.9673	0
49201	1640.0006	0
49202	1640.0340	0
49203	1640.0673	0
49204	1640.1006	0
49205	1640.1340	0
49206	1640.1673	0
49207	1640.2006	0
49208	1640.2340	0
49209	1640.2673	0
49210	1640.3006	0
49211	1640.3340	0
49212	1640.3673	0
49213	1640.4006	0
49214	1640.4340	0
49215	1640.4673	0
49216	1640.5006	0
49217	1640.5340	0
49218	1640.5673	0
49219	1640.6006	0
49220	1640.6340	0
49221	1640.6673	0
49222	1640.7006	0
49223	1640.7340	0
49224	1640.7673	0
49225	1640.8006	0
49226	1640.8340	0
49227	1640.8673	0
49228	1640.9006	0
49229	1640.9340	0
49230	1640.9673	0
49231	1641.0006	0
49232	1641.0340	0
49233	1641.0673	0
49234	1641.1006	0
49235	1641.1340	0
49236	1641.1673	0
49237	1641.2006	0
49238	1641.2340	0
49239	1641.2673	0
49240	1641.3006	0
49241	1641.3340	0
49242	1641.3673	0
49243	1641.4006	0
49244	1641.4340	0
49245	1641.4673	0
49246	1641.5006	0
49247	1641.5340	0
49248	1641.5673	0
49249	1641.6006	0
49250	1641.6340	0
49251	1641.6673	0
49252	1641.7006	0
49253	1641.7340	0
49254	1641.7673	0
49255	1641.8006	0
49256	1641.8340	0
49257	1641.8673	0
49258	1641.9006	0
49259	1641.9340	0
49260	1641.9673	0
49261	1642.0006	0
49262	1642.0340	0
49263	1642.0673	0
49264	1642.1006	0
49265	1642.1340	0
49266	1642.1673	0
49267	1642.2006	0
49268	1642.2340	0
49269	1642.2673	0
49270	1642.3006	0
49271	1642.3340	0
49272	1642.3673	0
49273	1642.4006	0
49274	1642.4340	0
49275	1642.4673	0
49276	1642.5006	0
49277	1642.5340	0
49278	1642.5673	0
49279	1642.6006	0
49280	1642.6340	0
49281	1642.6673	0
49282	1642.7006	0
49283	1642.7340	0
49284	1642.7673	0
49285	1642.8006	1
49286	1642.8340	1
49287	1642.8673	1
49288	1642.9006	1
49289	1642.9340	1
49290	1642.9673	1
49291	1643.0006	1
49292	1643.0340	1
49293	1643.0673	1
49294	1643.1006	1
49295	1643.1340	1
49296	1643.1673	1
49297	1643.2006	1
49298	1643.2340	1
49299	1643.2673	1
49300	1643.3006	1
49301	1643.3340	1
49302	1643.3673	1
49303	1643.4006	1
49304	1643.4340	1
49305	1643.4673	1
49306	1643.5006	1
49307	1643.5340	1
49308	1643.5673	1
49309	1643.6006	1
49310	1643.6340	1
49311	1643.6673	1
49312	1643.7006	1
49313	1643.7340	1
49314	1643.7673	1
49315	1643.8006	1
49316	1643.8340	1
49317	1643.8673	1
49318	1643.9006	1
49319	1643.9340	1
49320	1643.9673	1
49321	1644.0006	1
49322	1644.0340	1
49323	1644.0673	1
49324	1644.1006	1
49325	1644.1340	1
49326	1644.1673	1
49327	1644.2006	1
49328	1644.2340	1
49329	1644.2673	1
49330	1644.3006	1
49331	1644.3340	1
49332	1644.3673	1
49333	1644.4006	1
49334	1644.4340	1
49335	1644.4673	1
49336	1644.5006	1
49337	1644.5340	1
49338	1644.5673	1
49339	1644.6006	1
49340	1644.6340	1
49341	1644.6673	1
49342	1644.7006	1
49343	1644.7340	1
49344	1644.7673	1
49345	1644.8006	1
49346	1644.8340	1
49347	1644.8673	1
49348	1644.9006	1
49349	1644.9340	1
49350	1644.9673	1
49351	1645.0006	1
49352	1645.0340	1
49353	1645.0673	1
49354	1645.1006	1
49355	1645.1340	1
49356	1645.1673	1
49357	1645.2006	1
49358	1645.2340	1
49359	1645.2673	1
49360	1645.3006	1
49361	1645.3340	1
49362	1645.3673	1
49363	1645.4006	1
49364	1645.4340	1
49365	1645.4673	1
49366	1645.5006	1
49367	1645.5340	1
49368	1645.5673	1
49369	1645.6006	1
49370	1645.6340	1
49371	1645.6673	1
49372	1645.7006	1
49373	1645.7340	1
49374	1645.7673	1
49375	1645.8006	1
49376	1645.8340	1
49377	1645.8673	1
49378	1645.9006	1
49379	1645.9340	1
49380	1645.9673	1
49381	1646.0006	1
49382	1646.0340	1
49383	1646.0673	1
49384	1646.1006	1
49385	1646.1340	1
49386	1646.1673	1
49387	1646.2006	1
49388	1646.2340	1
49389	1646.2673	1
49390	1646.3006	1
49391	1646.3340	1
49392	1646.3673	1
49393	1646.4006	1
49394	1646.4340	1
49395	1646.4673	1
49396	1646.5006	1
49397	1646.5340	1
49398	1646.5673	1
49399	1646.6006	1
49400	1646.6340	1
49401	1646.6673	1
49402	1646.7006	1
49403	1646.7340	1
49404	1646.7673	1
49405	1646.8006	1
49406	1646.8340	1
49407	1646.8673	1
49408	1646.9006	1
49409	1646.9340	1
49410	1646.9673	1
49411	1647.0006	0
49412	1647.0340	0
49413	1647.0673	0
49414	1647.1006	0
49415	1647.1340	0
49416	1647.1673	0
49417	1647.2006	0
49418	1647.2340	0
49419	1647.2673	0
49420	1647.3006	0
49421	1647.3340	0
49422	1647.3673	0
49423	1647.4006	0
49424	1647.4340	0
49425	1647.4673	0
49426	1647.5006	0
49427	1647.5340	0
49428	1647.5673	0
49429	1647.6006	0
49430	1647.6340	0
49431	1647.6673	0
49432	1647.7006	0
49433	1647.7340	0
49434	1647.7673	0
49435	1647.8006	0
49436	1647.8340	0
49437	1647.8673	0
49438	1647.9006	0
49439	1647.9340	0
49440	1647.9673	0
49441	1648.0006	0
49442	1648.0340	0
49443	1648.0673	0
49444	1648.1006	0
49445	1648.1340	0
49446	1648.1673	0
49447	1648.2006	0
49448	1648.2340	0
49449	1648.2673	0
49450	1648.3006	0
49451	1648.3340	0
49452	1648.3673	0
49453	1648.4006	0
49454	1648.4340	0
49455	1648.4673	0
49456	1648.5006	0
49457	1648.5340	0
49458	1648.5673	0
49459	1648.6006	0
49460	1648.6340	0
49461	1648.6673	0
49462	1648.7006	0
49463	1648.7340	0
49464	1648.7673	0
49465	1648.8006	0
49466	1648.8340	0
49467	1648.8673	0
49468	1648.9006	0
49469	1648.9340	0
49470	1648.9673	0
49471	1649.0006	0
49472	1649.0340	0
49473	1649.0673	0
49474	1649.1006	0
49475	1649.1340	0
49476	1649.1673	0
49477	1649.2006	0
49478	1649.2340	1
49479	1649.2673	1
49480	1649.3006	1
49481	1649.3340	1
49482	1649.3673	1
49483	1649.4006	1
49484	1649.4340	1
49485	1649.4673	1
49486	1649.5006	1
49487	1649.5340	1
49488	1649.5673	1
49489	1649.6006	1
49490	1649.6340	1
49491	1649.6673	1
49492	1649.7006	1
49493	1649.7340	1
49494	1649.7673	1
49495	1649.8006	1
49496	1649.8340	1
49497	1649.8673	1
49498	1649.9006	1
49499	1649.9340	1
49500	1649.9673	1


[ENDCODE]
