[SUBJECTNAME]=sn011
[AGE]=
[FIELD1]=eye-gaze
[FIELD2]=
[FIELD3]=
[FIELD4]=
[FIELD5]=
[FIELD6]=
[CODER]=
[VIDEOFILE]=G:\Backup experiment\SN012_Tony\SN012_02_01_F.avi
[RESOLUTION]=30.0005
[STARTCODES]

14000	466.6254	1
14001	466.6587	1
14002	466.6921	1
14003	466.7254	1
14004	466.7587	1
14005	466.7921	1
14006	466.8254	1
14007	466.8587	1
14008	466.8921	1
14009	466.9254	1
14010	466.9587	1
14011	466.9921	1
14012	467.0254	1
14013	467.0587	1
14014	467.0921	1
14015	467.1254	1
14016	467.1587	1
14017	467.1921	1
14018	467.2254	0
14019	467.2587	0
14020	467.2921	0
14021	467.3254	0
14022	467.3587	0
14023	467.3921	0
14024	467.4254	0
14025	467.4587	0
14026	467.4921	0
14027	467.5254	0
14028	467.5587	0
14029	467.5921	0
14030	467.6254	0
14031	467.6587	0
14032	467.6921	0
14033	467.7254	0
14034	467.7587	0
14035	467.7921	0
14036	467.8254	0
14037	467.8587	0
14038	467.8921	0
14039	467.9254	0
14040	467.9587	0
14041	467.9921	0
14042	468.0254	0
14043	468.0587	0
14044	468.0921	0
14045	468.1254	0
14046	468.1587	0
14047	468.1921	0
14048	468.2254	0
14049	468.2587	0
14050	468.2921	0
14051	468.3254	0
14052	468.3587	0
14053	468.3920	0
14054	468.4254	0
14055	468.4587	0
14056	468.4920	0
14057	468.5254	0
14058	468.5587	0
14059	468.5920	0
14060	468.6254	0
14061	468.6587	0
14062	468.6920	0
14063	468.7254	0
14064	468.7587	0
14065	468.7920	0
14066	468.8254	0
14067	468.8587	0
14068	468.8920	0
14069	468.9254	0
14070	468.9587	0
14071	468.9920	0
14072	469.0254	0
14073	469.0587	0
14074	469.0920	0
14075	469.1254	0
14076	469.1587	0
14077	469.1920	0
14078	469.2254	0
14079	469.2587	0
14080	469.2920	0
14081	469.3254	0
14082	469.3587	0
14083	469.3920	0
14084	469.4254	0
14085	469.4587	0
14086	469.4920	0
14087	469.5254	0
14088	469.5587	0
14089	469.5920	0
14090	469.6254	0
14091	469.6587	0
14092	469.6920	0
14093	469.7254	0
14094	469.7587	0
14095	469.7920	0
14096	469.8254	0
14097	469.8587	0
14098	469.8920	0
14099	469.9254	0
14100	469.9587	0
14101	469.9920	0
14102	470.0254	0
14103	470.0587	0
14104	470.0920	0
14105	470.1254	0
14106	470.1587	0
14107	470.1920	0
14108	470.2254	0
14109	470.2587	0
14110	470.2920	0
14111	470.3253	0
14112	470.3587	0
14113	470.3920	0
14114	470.4253	0
14115	470.4587	0
14116	470.4920	0
14117	470.5253	0
14118	470.5587	0
14119	470.5920	0
14120	470.6253	0
14121	470.6587	0
14122	470.6920	0
14123	470.7253	0
14124	470.7587	0
14125	470.7920	0
14126	470.8253	0
14127	470.8587	0
14128	470.8920	0
14129	470.9253	0
14130	470.9587	0
14131	470.9920	0
14132	471.0253	0
14133	471.0587	0
14134	471.0920	0
14135	471.1253	0
14136	471.1587	0
14137	471.1920	0
14138	471.2253	0
14139	471.2587	0
14140	471.2920	0
14141	471.3253	0
14142	471.3587	0
14143	471.3920	0
14144	471.4253	0
14145	471.4587	0
14146	471.4920	0
14147	471.5253	0
14148	471.5587	0
14149	471.5920	0
14150	471.6253	0
14151	471.6587	0
14152	471.6920	0
14153	471.7253	0
14154	471.7587	0
14155	471.7920	0
14156	471.8253	0
14157	471.8587	0
14158	471.8920	0
14159	471.9253	0
14160	471.9587	0
14161	471.9920	0
14162	472.0253	0
14163	472.0587	0
14164	472.0920	0
14165	472.1253	0
14166	472.1587	0
14167	472.1920	0
14168	472.2253	0
14169	472.2586	0
14170	472.2920	0
14171	472.3253	0
14172	472.3586	0
14173	472.3920	0
14174	472.4253	0
14175	472.4586	0
14176	472.4920	0
14177	472.5253	1
14178	472.5586	1
14179	472.5920	1
14180	472.6253	1
14181	472.6586	1
14182	472.6920	1
14183	472.7253	1
14184	472.7586	1
14185	472.7920	1
14186	472.8253	1
14187	472.8586	1
14188	472.8920	1
14189	472.9253	1
14190	472.9586	1
14191	472.9920	1
14192	473.0253	1
14193	473.0586	1
14194	473.0920	1
14195	473.1253	1
14196	473.1586	1
14197	473.1920	1
14198	473.2253	1
14199	473.2586	1
14200	473.2920	1
14201	473.3253	1
14202	473.3586	1
14203	473.3920	1
14204	473.4253	1
14205	473.4586	1
14206	473.4920	1
14207	473.5253	1
14208	473.5586	1
14209	473.5920	1
14210	473.6253	1
14211	473.6586	1
14212	473.6920	1
14213	473.7253	1
14214	473.7586	1
14215	473.7920	1
14216	473.8253	1
14217	473.8586	1
14218	473.8920	1
14219	473.9253	1
14220	473.9586	1
14221	473.9920	1
14222	474.0253	1
14223	474.0586	1
14224	474.0920	1
14225	474.1253	1
14226	474.1586	1
14227	474.1919	1
14228	474.2253	1
14229	474.2586	1
14230	474.2919	1
14231	474.3253	1
14232	474.3586	1
14233	474.3919	1
14234	474.4253	1
14235	474.4586	1
14236	474.4919	1
14237	474.5253	1
14238	474.5586	1
14239	474.5919	1
14240	474.6253	1
14241	474.6586	1
14242	474.6919	1
14243	474.7253	1
14244	474.7586	1
14245	474.7919	1
14246	474.8253	1
14247	474.8586	1
14248	474.8919	1
14249	474.9253	1
14250	474.9586	1
14251	474.9919	1
14252	475.0253	1
14253	475.0586	1
14254	475.0919	1
14255	475.1253	1
14256	475.1586	1
14257	475.1919	1
14258	475.2253	1
14259	475.2586	1
14260	475.2919	1
14261	475.3253	1
14262	475.3586	1
14263	475.3919	1
14264	475.4253	1
14265	475.4586	1
14266	475.4919	1
14267	475.5253	1
14268	475.5586	1
14269	475.5919	1
14270	475.6253	1
14271	475.6586	1
14272	475.6919	1
14273	475.7253	1
14274	475.7586	1
14275	475.7919	1
14276	475.8253	1
14277	475.8586	1
14278	475.8919	1
14279	475.9253	1
14280	475.9586	1
14281	475.9919	1
14282	476.0253	1
14283	476.0586	1
14284	476.0919	1
14285	476.1253	1
14286	476.1586	1
14287	476.1919	1
14288	476.2252	1
14289	476.2586	1
14290	476.2919	1
14291	476.3252	1
14292	476.3586	1
14293	476.3919	1
14294	476.4252	1
14295	476.4586	1
14296	476.4919	1
14297	476.5252	1
14298	476.5586	1
14299	476.5919	1
14300	476.6252	1
14301	476.6586	1
14302	476.6919	1
14303	476.7252	1
14304	476.7586	1
14305	476.7919	1
14306	476.8252	1
14307	476.8586	1
14308	476.8919	1
14309	476.9252	1
14310	476.9586	1
14311	476.9919	1
14312	477.0252	1
14313	477.0586	0
14314	477.0919	0
14315	477.1252	0
14316	477.1586	0
14317	477.1919	0
14318	477.2252	0
14319	477.2586	0
14320	477.2919	0
14321	477.3252	0
14322	477.3586	0
14323	477.3919	0
14324	477.4252	0
14325	477.4586	0
14326	477.4919	0
14327	477.5252	0
14328	477.5586	0
14329	477.5919	0
14330	477.6252	0
14331	477.6586	0
14332	477.6919	0
14333	477.7252	0
14334	477.7586	0
14335	477.7919	0
14336	477.8252	0
14337	477.8586	0
14338	477.8919	0
14339	477.9252	0
14340	477.9586	0
14341	477.9919	0
14342	478.0252	0
14343	478.0586	0
14344	478.0919	0
14345	478.1252	0
14346	478.1585	0
14347	478.1919	0
14348	478.2252	0
14349	478.2585	0
14350	478.2919	0
14351	478.3252	0
14352	478.3585	0
14353	478.3919	0
14354	478.4252	0
14355	478.4585	0
14356	478.4919	0
14357	478.5252	0
14358	478.5585	0
14359	478.5919	0
14360	478.6252	0
14361	478.6585	0
14362	478.6919	0
14363	478.7252	0
14364	478.7585	0
14365	478.7919	0
14366	478.8252	0
14367	478.8585	0
14368	478.8919	0
14369	478.9252	0
14370	478.9585	0
14371	478.9919	0
14372	479.0252	0
14373	479.0585	1
14374	479.0919	1
14375	479.1252	1
14376	479.1585	1
14377	479.1919	1
14378	479.2252	1
14379	479.2585	1
14380	479.2919	1
14381	479.3252	1
14382	479.3585	1
14383	479.3919	1
14384	479.4252	1
14385	479.4585	1
14386	479.4919	1
14387	479.5252	1
14388	479.5585	1
14389	479.5919	1
14390	479.6252	1
14391	479.6585	1
14392	479.6919	1
14393	479.7252	1
14394	479.7585	1
14395	479.7919	1
14396	479.8252	1
14397	479.8585	1
14398	479.8919	1
14399	479.9252	1
14400	479.9585	1
14401	479.9919	1
14402	480.0252	1
14403	480.0585	1
14404	480.0918	1
14405	480.1252	1
14406	480.1585	1
14407	480.1918	1
14408	480.2252	1
14409	480.2585	1
14410	480.2918	1
14411	480.3252	1
14412	480.3585	1
14413	480.3918	1
14414	480.4252	1
14415	480.4585	1
14416	480.4918	1
14417	480.5252	1
14418	480.5585	1
14419	480.5918	1
14420	480.6252	1
14421	480.6585	1
14422	480.6918	1
14423	480.7252	1
14424	480.7585	1
14425	480.7918	1
14426	480.8252	1
14427	480.8585	1
14428	480.8918	1
14429	480.9252	1
14430	480.9585	1
14431	480.9918	1
14432	481.0252	1
14433	481.0585	1
14434	481.0918	1
14435	481.1252	1
14436	481.1585	1
14437	481.1918	1
14438	481.2252	1
14439	481.2585	1
14440	481.2918	1
14441	481.3252	1
14442	481.3585	1
14443	481.3918	1
14444	481.4252	1
14445	481.4585	1
14446	481.4918	1
14447	481.5252	1
14448	481.5585	1
14449	481.5918	1
14450	481.6252	1
14451	481.6585	1
14452	481.6918	1
14453	481.7252	1
14454	481.7585	1
14455	481.7918	1
14456	481.8252	1
14457	481.8585	1
14458	481.8918	1
14459	481.9252	1
14460	481.9585	1
14461	481.9918	1
14462	482.0252	1
14463	482.0585	1
14464	482.0918	1
14465	482.1251	1
14466	482.1585	1
14467	482.1918	1
14468	482.2251	1
14469	482.2585	1
14470	482.2918	1
14471	482.3251	1
14472	482.3585	1
14473	482.3918	1
14474	482.4251	1
14475	482.4585	1
14476	482.4918	1
14477	482.5251	1
14478	482.5585	1
14479	482.5918	1
14480	482.6251	1
14481	482.6585	1
14482	482.6918	1
14483	482.7251	1
14484	482.7585	1
14485	482.7918	1
14486	482.8251	1
14487	482.8585	1
14488	482.8918	1
14489	482.9251	1
14490	482.9585	1
14491	482.9918	1
14492	483.0251	1
14493	483.0585	1
14494	483.0918	1
14495	483.1251	1
14496	483.1585	1
14497	483.1918	1
14498	483.2251	1
14499	483.2585	1
14500	483.2918	1
14501	483.3251	1
14502	483.3585	1
14503	483.3918	1
14504	483.4251	1
14505	483.4585	0
14506	483.4918	0
14507	483.5251	0
14508	483.5585	0
14509	483.5918	0
14510	483.6251	0
14511	483.6585	0
14512	483.6918	0
14513	483.7251	0
14514	483.7585	0
14515	483.7918	0
14516	483.8251	0
14517	483.8585	0
14518	483.8918	0
14519	483.9251	0
14520	483.9585	0
14521	483.9918	0
14522	484.0251	0
14523	484.0584	0
14524	484.0918	0
14525	484.1251	0
14526	484.1584	0
14527	484.1918	0
14528	484.2251	0
14529	484.2584	0
14530	484.2918	0
14531	484.3251	0
14532	484.3584	0
14533	484.3918	0
14534	484.4251	0
14535	484.4584	0
14536	484.4918	0
14537	484.5251	0
14538	484.5584	0
14539	484.5918	0
14540	484.6251	0
14541	484.6584	0
14542	484.6918	0
14543	484.7251	0
14544	484.7584	0
14545	484.7918	0
14546	484.8251	0
14547	484.8584	0
14548	484.8918	0
14549	484.9251	0
14550	484.9584	0
14551	484.9918	0
14552	485.0251	0
14553	485.0584	1
14554	485.0918	1
14555	485.1251	1
14556	485.1584	1
14557	485.1918	1
14558	485.2251	1
14559	485.2584	1
14560	485.2918	1
14561	485.3251	1
14562	485.3584	1
14563	485.3918	1
14564	485.4251	1
14565	485.4584	1
14566	485.4918	1
14567	485.5251	1
14568	485.5584	1
14569	485.5918	1
14570	485.6251	1
14571	485.6584	1
14572	485.6918	1
14573	485.7251	1
14574	485.7584	1
14575	485.7918	1
14576	485.8251	1
14577	485.8584	1
14578	485.8918	1
14579	485.9251	1
14580	485.9584	1
14581	485.9917	1
14582	486.0251	1
14583	486.0584	1
14584	486.0917	1
14585	486.1251	1
14586	486.1584	1
14587	486.1917	1
14588	486.2251	1
14589	486.2584	1
14590	486.2917	1
14591	486.3251	1
14592	486.3584	1
14593	486.3917	1
14594	486.4251	1
14595	486.4584	1
14596	486.4917	1
14597	486.5251	1
14598	486.5584	1
14599	486.5917	1
14600	486.6251	1
14601	486.6584	1
14602	486.6917	1
14603	486.7251	1
14604	486.7584	1
14605	486.7917	1
14606	486.8251	1
14607	486.8584	1
14608	486.8917	1
14609	486.9251	1
14610	486.9584	1
14611	486.9917	1
14612	487.0251	1
14613	487.0584	1
14614	487.0917	1
14615	487.1251	1
14616	487.1584	1
14617	487.1917	1
14618	487.2251	1
14619	487.2584	1
14620	487.2917	1
14621	487.3251	1
14622	487.3584	1
14623	487.3917	1
14624	487.4251	1
14625	487.4584	1
14626	487.4917	1
14627	487.5251	1
14628	487.5584	1
14629	487.5917	1
14630	487.6251	1
14631	487.6584	1
14632	487.6917	1
14633	487.7251	1
14634	487.7584	1
14635	487.7917	1
14636	487.8251	1
14637	487.8584	1
14638	487.8917	1
14639	487.9251	1
14640	487.9584	1
14641	487.9917	1
14642	488.0250	1
14643	488.0584	1
14644	488.0917	1
14645	488.1250	1
14646	488.1584	1
14647	488.1917	1
14648	488.2250	1
14649	488.2584	1
14650	488.2917	1
14651	488.3250	1
14652	488.3584	1
14653	488.3917	1
14654	488.4250	1
14655	488.4584	1
14656	488.4917	1
14657	488.5250	1
14658	488.5584	1
14659	488.5917	1
14660	488.6250	1
14661	488.6584	1
14662	488.6917	1
14663	488.7250	1
14664	488.7584	1
14665	488.7917	1
14666	488.8250	1
14667	488.8584	1
14668	488.8917	1
14669	488.9250	1
14670	488.9584	1
14671	488.9917	1
14672	489.0250	1
14673	489.0584	1
14674	489.0917	1
14675	489.1250	1
14676	489.1584	1
14677	489.1917	1
14678	489.2250	1
14679	489.2584	1
14680	489.2917	1
14681	489.3250	1
14682	489.3584	1
14683	489.3917	1
14684	489.4250	1
14685	489.4584	1
14686	489.4917	1
14687	489.5250	1
14688	489.5584	1
14689	489.5917	1
14690	489.6250	1
14691	489.6584	1
14692	489.6917	1
14693	489.7250	1
14694	489.7584	1
14695	489.7917	1
14696	489.8250	1
14697	489.8584	1
14698	489.8917	1
14699	489.9250	1
14700	489.9583	1
14701	489.9917	1
14702	490.0250	1
14703	490.0583	1
14704	490.0917	1
14705	490.1250	1
14706	490.1583	1
14707	490.1917	1
14708	490.2250	1
14709	490.2583	1
14710	490.2917	1
14711	490.3250	1
14712	490.3583	1
14713	490.3917	1
14714	490.4250	1
14715	490.4583	1
14716	490.4917	1
14717	490.5250	1
14718	490.5583	1
14719	490.5917	1
14720	490.6250	1
14721	490.6583	1
14722	490.6917	1
14723	490.7250	1
14724	490.7583	1
14725	490.7917	1
14726	490.8250	1
14727	490.8583	1
14728	490.8917	1
14729	490.9250	1
14730	490.9583	1
14731	490.9917	1
14732	491.0250	1
14733	491.0583	1
14734	491.0917	1
14735	491.1250	1
14736	491.1583	1
14737	491.1917	1
14738	491.2250	1
14739	491.2583	1
14740	491.2917	1
14741	491.3250	1
14742	491.3583	1
14743	491.3917	1
14744	491.4250	1
14745	491.4583	1
14746	491.4917	1
14747	491.5250	1
14748	491.5583	1
14749	491.5917	1
14750	491.6250	1
14751	491.6583	1
14752	491.6917	1
14753	491.7250	1
14754	491.7583	1
14755	491.7917	1
14756	491.8250	1
14757	491.8583	1
14758	491.8916	1
14759	491.9250	1
14760	491.9583	1
14761	491.9916	1
14762	492.0250	1
14763	492.0583	1
14764	492.0916	1
14765	492.1250	1
14766	492.1583	1
14767	492.1916	1
14768	492.2250	1
14769	492.2583	1
14770	492.2916	1
14771	492.3250	1
14772	492.3583	1
14773	492.3916	1
14774	492.4250	1
14775	492.4583	1
14776	492.4916	1
14777	492.5250	1
14778	492.5583	1
14779	492.5916	1
14780	492.6250	1
14781	492.6583	1
14782	492.6916	1
14783	492.7250	1
14784	492.7583	1
14785	492.7916	1
14786	492.8250	1
14787	492.8583	1
14788	492.8916	1
14789	492.9250	1
14790	492.9583	1
14791	492.9916	1
14792	493.0250	1
14793	493.0583	1
14794	493.0916	1
14795	493.1250	1
14796	493.1583	1
14797	493.1916	1
14798	493.2250	1
14799	493.2583	1
14800	493.2916	1
14801	493.3250	1
14802	493.3583	1
14803	493.3916	1
14804	493.4250	1
14805	493.4583	1
14806	493.4916	1
14807	493.5250	1
14808	493.5583	1
14809	493.5916	1
14810	493.6250	1
14811	493.6583	1
14812	493.6916	1
14813	493.7250	1
14814	493.7583	1
14815	493.7916	1
14816	493.8250	1
14817	493.8583	1
14818	493.8916	1
14819	493.9249	1
14820	493.9583	1
14821	493.9916	1
14822	494.0249	1
14823	494.0583	1
14824	494.0916	1
14825	494.1249	1
14826	494.1583	1
14827	494.1916	1
14828	494.2249	1
14829	494.2583	1
14830	494.2916	1
14831	494.3249	1
14832	494.3583	1
14833	494.3916	1
14834	494.4249	1
14835	494.4583	1
14836	494.4916	1
14837	494.5249	1
14838	494.5583	1
14839	494.5916	1
14840	494.6249	1
14841	494.6583	1
14842	494.6916	1
14843	494.7249	1
14844	494.7583	1
14845	494.7916	1
14846	494.8249	1
14847	494.8583	1
14848	494.8916	1
14849	494.9249	1
14850	494.9583	1
14851	494.9916	1
14852	495.0249	1
14853	495.0583	1
14854	495.0916	1
14855	495.1249	1
14856	495.1583	1
14857	495.1916	1
14858	495.2249	1
14859	495.2583	1
14860	495.2916	1
14861	495.3249	1
14862	495.3583	1
14863	495.3916	1
14864	495.4249	1
14865	495.4583	1
14866	495.4916	1
14867	495.5249	1
14868	495.5583	1
14869	495.5916	1
14870	495.6249	1
14871	495.6583	1
14872	495.6916	1
14873	495.7249	1
14874	495.7583	1
14875	495.7916	1
14876	495.8249	1
14877	495.8582	1
14878	495.8916	1
14879	495.9249	1
14880	495.9582	1
14881	495.9916	1
14882	496.0249	1
14883	496.0582	1
14884	496.0916	1
14885	496.1249	1
14886	496.1582	1
14887	496.1916	1
14888	496.2249	1
14889	496.2582	1
14890	496.2916	1
14891	496.3249	1
14892	496.3582	1
14893	496.3916	1
14894	496.4249	1
14895	496.4582	1
14896	496.4916	1
14897	496.5249	1
14898	496.5582	1
14899	496.5916	1
14900	496.6249	1
14901	496.6582	1
14902	496.6916	1
14903	496.7249	1
14904	496.7582	1
14905	496.7916	1
14906	496.8249	1
14907	496.8582	1
14908	496.8916	1
14909	496.9249	1
14910	496.9582	1
14911	496.9916	1
14912	497.0249	1
14913	497.0582	1
14914	497.0916	1
14915	497.1249	1
14916	497.1582	1
14917	497.1916	1
14918	497.2249	1
14919	497.2582	1
14920	497.2916	1
14921	497.3249	1
14922	497.3582	1
14923	497.3916	1
14924	497.4249	1
14925	497.4582	1
14926	497.4916	1
14927	497.5249	1
14928	497.5582	1
14929	497.5916	1
14930	497.6249	1
14931	497.6582	1
14932	497.6916	0
14933	497.7249	1
14934	497.7582	1
14935	497.7915	1
14936	497.8249	1
14937	497.8582	1
14938	497.8915	1
14939	497.9249	1
14940	497.9582	1
14941	497.9915	1
14942	498.0249	1
14943	498.0582	1
14944	498.0915	1
14945	498.1249	1
14946	498.1582	1
14947	498.1915	1
14948	498.2249	1
14949	498.2582	1
14950	498.2915	1
14951	498.3249	1
14952	498.3582	1
14953	498.3915	1
14954	498.4249	1
14955	498.4582	1
14956	498.4915	1
14957	498.5249	1
14958	498.5582	1
14959	498.5915	1
14960	498.6249	1
14961	498.6582	1
14962	498.6915	1
14963	498.7249	1
14964	498.7582	1
14965	498.7915	1
14966	498.8249	1
14967	498.8582	1
14968	498.8915	1
14969	498.9249	1
14970	498.9582	1
14971	498.9915	1
14972	499.0249	1
14973	499.0582	1
14974	499.0915	1
14975	499.1249	1
14976	499.1582	1
14977	499.1915	1
14978	499.2249	1
14979	499.2582	1
14980	499.2915	1
14981	499.3249	1
14982	499.3582	1
14983	499.3915	0
14984	499.4249	0
14985	499.4582	0
14986	499.4915	0
14987	499.5249	0
14988	499.5582	0
14989	499.5915	0
14990	499.6249	0
14991	499.6582	0
14992	499.6915	0
14993	499.7248	0
14994	499.7582	0
14995	499.7915	0
14996	499.8248	0
14997	499.8582	0
14998	499.8915	0
14999	499.9248	0
15000	499.9582	0
15001	499.9915	0
15002	500.0248	0
15003	500.0582	0
15004	500.0915	0
15005	500.1248	0
15006	500.1582	0
15007	500.1915	0
15008	500.2248	0
15009	500.2582	0
15010	500.2915	0
15011	500.3248	0
15012	500.3582	0
15013	500.3915	0
15014	500.4248	0
15015	500.4582	0
15016	500.4915	0
15017	500.5248	0
15018	500.5582	0
15019	500.5915	0
15020	500.6248	0
15021	500.6582	0
15022	500.6915	0
15023	500.7248	0
15024	500.7582	0
15025	500.7915	0
15026	500.8248	0
15027	500.8582	0
15028	500.8915	0
15029	500.9248	0
15030	500.9582	0
15031	500.9915	0
15032	501.0248	0
15033	501.0582	0
15034	501.0915	0
15035	501.1248	0
15036	501.1582	0
15037	501.1915	0
15038	501.2248	0
15039	501.2582	0
15040	501.2915	0
15041	501.3248	0
15042	501.3582	0
15043	501.3915	0
15044	501.4248	0
15045	501.4582	0
15046	501.4915	0
15047	501.5248	0
15048	501.5582	0
15049	501.5915	0
15050	501.6248	0
15051	501.6582	0
15052	501.6915	0
15053	501.7248	0
15054	501.7581	0
15055	501.7915	0
15056	501.8248	1
15057	501.8581	1
15058	501.8915	1
15059	501.9248	1
15060	501.9581	1
15061	501.9915	1
15062	502.0248	1
15063	502.0581	1
15064	502.0915	1
15065	502.1248	1
15066	502.1581	1
15067	502.1915	1
15068	502.2248	1
15069	502.2581	1
15070	502.2915	1
15071	502.3248	1
15072	502.3581	1
15073	502.3915	1
15074	502.4248	1
15075	502.4581	1
15076	502.4915	1
15077	502.5248	1
15078	502.5581	1
15079	502.5915	1
15080	502.6248	1
15081	502.6581	1
15082	502.6915	1
15083	502.7248	1
15084	502.7581	1
15085	502.7915	1
15086	502.8248	1
15087	502.8581	1
15088	502.8915	1
15089	502.9248	1
15090	502.9581	1
15091	502.9915	1
15092	503.0248	1
15093	503.0581	1
15094	503.0915	1
15095	503.1248	1
15096	503.1581	1
15097	503.1915	1
15098	503.2248	1
15099	503.2581	1
15100	503.2915	1
15101	503.3248	1
15102	503.3581	1
15103	503.3915	1
15104	503.4248	1
15105	503.4581	1
15106	503.4915	1
15107	503.5248	0
15108	503.5581	0
15109	503.5915	0
15110	503.6248	0
15111	503.6581	0
15112	503.6914	0
15113	503.7248	0
15114	503.7581	0
15115	503.7914	0
15116	503.8248	0
15117	503.8581	0
15118	503.8914	0
15119	503.9248	0
15120	503.9581	0
15121	503.9914	0
15122	504.0248	0
15123	504.0581	0
15124	504.0914	0
15125	504.1248	0
15126	504.1581	0
15127	504.1914	0
15128	504.2248	0
15129	504.2581	0
15130	504.2914	0
15131	504.3248	0
15132	504.3581	0
15133	504.3914	0
15134	504.4248	0
15135	504.4581	1
15136	504.4914	1
15137	504.5248	1
15138	504.5581	1
15139	504.5914	1
15140	504.6248	1
15141	504.6581	1
15142	504.6914	1
15143	504.7248	1
15144	504.7581	1
15145	504.7914	1
15146	504.8248	1
15147	504.8581	1
15148	504.8914	1
15149	504.9248	1
15150	504.9581	1
15151	504.9914	1
15152	505.0248	1
15153	505.0581	1
15154	505.0914	1
15155	505.1248	1
15156	505.1581	1
15157	505.1914	1
15158	505.2248	1
15159	505.2581	1
15160	505.2914	1
15161	505.3248	1
15162	505.3581	1
15163	505.3914	1
15164	505.4248	1
15165	505.4581	1
15166	505.4914	1
15167	505.5248	1
15168	505.5581	1
15169	505.5914	1
15170	505.6247	1
15171	505.6581	1
15172	505.6914	1
15173	505.7247	1
15174	505.7581	1
15175	505.7914	1
15176	505.8247	1
15177	505.8581	1
15178	505.8914	1
15179	505.9247	1
15180	505.9581	1
15181	505.9914	0
15182	506.0247	0
15183	506.0581	0
15184	506.0914	0
15185	506.1247	0
15186	506.1581	0
15187	506.1914	0
15188	506.2247	0
15189	506.2581	0
15190	506.2914	0
15191	506.3247	0
15192	506.3581	0
15193	506.3914	0
15194	506.4247	0
15195	506.4581	0
15196	506.4914	0
15197	506.5247	0
15198	506.5581	0
15199	506.5914	0
15200	506.6247	0
15201	506.6581	1
15202	506.6914	1
15203	506.7247	1
15204	506.7581	1
15205	506.7914	1
15206	506.8247	1
15207	506.8581	1
15208	506.8914	1
15209	506.9247	1
15210	506.9581	1
15211	506.9914	1
15212	507.0247	1
15213	507.0581	1
15214	507.0914	1
15215	507.1247	1
15216	507.1581	1
15217	507.1914	1
15218	507.2247	1
15219	507.2581	1
15220	507.2914	1
15221	507.3247	1
15222	507.3581	1
15223	507.3914	1
15224	507.4247	1
15225	507.4581	1
15226	507.4914	1
15227	507.5247	1
15228	507.5581	1
15229	507.5914	1
15230	507.6247	1
15231	507.6580	1
15232	507.6914	1
15233	507.7247	1
15234	507.7580	1
15235	507.7914	1
15236	507.8247	1
15237	507.8580	1
15238	507.8914	1
15239	507.9247	1
15240	507.9580	0
15241	507.9914	0
15242	508.0247	0
15243	508.0580	0
15244	508.0914	0
15245	508.1247	0
15246	508.1580	0
15247	508.1914	0
15248	508.2247	0
15249	508.2580	0
15250	508.2914	0
15251	508.3247	0
15252	508.3580	0
15253	508.3914	0
15254	508.4247	0
15255	508.4580	0
15256	508.4914	0
15257	508.5247	0
15258	508.5580	0
15259	508.5914	0
15260	508.6247	0
15261	508.6580	0
15262	508.6914	0
15263	508.7247	0
15264	508.7580	0
15265	508.7914	0
15266	508.8247	0
15267	508.8580	0
15268	508.8914	0
15269	508.9247	0
15270	508.9580	0
15271	508.9914	0
15272	509.0247	0
15273	509.0580	0
15274	509.0914	0
15275	509.1247	0
15276	509.1580	0
15277	509.1914	0
15278	509.2247	0
15279	509.2580	0
15280	509.2914	0
15281	509.3247	0
15282	509.3580	0
15283	509.3914	0
15284	509.4247	0
15285	509.4580	0
15286	509.4914	0
15287	509.5247	1
15288	509.5580	1
15289	509.5913	1
15290	509.6247	1
15291	509.6580	1
15292	509.6913	1
15293	509.7247	1
15294	509.7580	1
15295	509.7913	1
15296	509.8247	1
15297	509.8580	1
15298	509.8913	1
15299	509.9247	1
15300	509.9580	1
15301	509.9913	1
15302	510.0247	1
15303	510.0580	1
15304	510.0913	1
15305	510.1247	1
15306	510.1580	1
15307	510.1913	1
15308	510.2247	1
15309	510.2580	1
15310	510.2913	1
15311	510.3247	1
15312	510.3580	1
15313	510.3913	1
15314	510.4247	1
15315	510.4580	1
15316	510.4913	1
15317	510.5247	1
15318	510.5580	1
15319	510.5913	1
15320	510.6247	1
15321	510.6580	1
15322	510.6913	1
15323	510.7247	1
15324	510.7580	1
15325	510.7913	1
15326	510.8247	1
15327	510.8580	1
15328	510.8913	1
15329	510.9247	1
15330	510.9580	1
15331	510.9913	1
15332	511.0247	1
15333	511.0580	1
15334	511.0913	1
15335	511.1247	1
15336	511.1580	1
15337	511.1913	1
15338	511.2247	1
15339	511.2580	1
15340	511.2913	1
15341	511.3247	1
15342	511.3580	0
15343	511.3913	0
15344	511.4247	0
15345	511.4580	0
15346	511.4913	0
15347	511.5246	0
15348	511.5580	0
15349	511.5913	0
15350	511.6246	0
15351	511.6580	0
15352	511.6913	0
15353	511.7246	0
15354	511.7580	0
15355	511.7913	0
15356	511.8246	0
15357	511.8580	0
15358	511.8913	0
15359	511.9246	0
15360	511.9580	0
15361	511.9913	0
15362	512.0246	0
15363	512.0580	0
15364	512.0913	1
15365	512.1246	1
15366	512.1580	1
15367	512.1913	1
15368	512.2246	1
15369	512.2580	1
15370	512.2913	1
15371	512.3246	1
15372	512.3580	1
15373	512.3913	1
15374	512.4246	1
15375	512.4580	1
15376	512.4913	1
15377	512.5246	1
15378	512.5580	1
15379	512.5913	1
15380	512.6246	1
15381	512.6580	1
15382	512.6913	1
15383	512.7246	1
15384	512.7580	1
15385	512.7913	1
15386	512.8246	1
15387	512.8580	1
15388	512.8913	1
15389	512.9246	1
15390	512.9580	1
15391	512.9913	1
15392	513.0246	1
15393	513.0580	1
15394	513.0913	1
15395	513.1246	1
15396	513.1580	1
15397	513.1913	1
15398	513.2246	1
15399	513.2580	1
15400	513.2913	1
15401	513.3246	1
15402	513.3580	1
15403	513.3913	1
15404	513.4246	1
15405	513.4580	1
15406	513.4913	1
15407	513.5246	1
15408	513.5579	1
15409	513.5913	1
15410	513.6246	1
15411	513.6579	1
15412	513.6913	1
15413	513.7246	1
15414	513.7579	1
15415	513.7913	1
15416	513.8246	1
15417	513.8579	1
15418	513.8913	1
15419	513.9246	1
15420	513.9579	1
15421	513.9913	1
15422	514.0246	1
15423	514.0579	1
15424	514.0913	1
15425	514.1246	1
15426	514.1579	1
15427	514.1913	1
15428	514.2246	1
15429	514.2579	1
15430	514.2913	1
15431	514.3246	1
15432	514.3579	1
15433	514.3913	1
15434	514.4246	1
15435	514.4579	1
15436	514.4913	1
15437	514.5246	1
15438	514.5579	1
15439	514.5913	1
15440	514.6246	1
15441	514.6579	1
15442	514.6913	1
15443	514.7246	1
15444	514.7579	1
15445	514.7913	1
15446	514.8246	1
15447	514.8579	1
15448	514.8913	1
15449	514.9246	1
15450	514.9579	1
15451	514.9913	1
15452	515.0246	1
15453	515.0579	1
15454	515.0913	1
15455	515.1246	1
15456	515.1579	1
15457	515.1913	1
15458	515.2246	1
15459	515.2579	1
15460	515.2913	1
15461	515.3246	1
15462	515.3579	1
15463	515.3913	1
15464	515.4246	1
15465	515.4579	1
15466	515.4912	1
15467	515.5246	1
15468	515.5579	1
15469	515.5912	1
15470	515.6246	1
15471	515.6579	1
15472	515.6912	1
15473	515.7246	1
15474	515.7579	1
15475	515.7912	1
15476	515.8246	1
15477	515.8579	1
15478	515.8912	1
15479	515.9246	1
15480	515.9579	1
15481	515.9912	1
15482	516.0246	1
15483	516.0579	1
15484	516.0912	1
15485	516.1246	1
15486	516.1579	1
15487	516.1912	1
15488	516.2246	1
15489	516.2579	1
15490	516.2912	1
15491	516.3246	1
15492	516.3579	1
15493	516.3912	1
15494	516.4246	1
15495	516.4579	1
15496	516.4912	1
15497	516.5246	1
15498	516.5579	1
15499	516.5912	1
15500	516.6246	1
15501	516.6579	1
15502	516.6912	1
15503	516.7246	1
15504	516.7579	1
15505	516.7912	1
15506	516.8246	1
15507	516.8579	1
15508	516.8912	1
15509	516.9246	1
15510	516.9579	1
15511	516.9912	1
15512	517.0246	1
15513	517.0579	1
15514	517.0912	1
15515	517.1246	1
15516	517.1579	1
15517	517.1912	1
15518	517.2246	1
15519	517.2579	1
15520	517.2912	1
15521	517.3246	1
15522	517.3579	1
15523	517.3912	1
15524	517.4245	1
15525	517.4579	1
15526	517.4912	1
15527	517.5245	1
15528	517.5579	0
15529	517.5912	0
15530	517.6245	0
15531	517.6579	0
15532	517.6912	0
15533	517.7245	0
15534	517.7579	0
15535	517.7912	0
15536	517.8245	0
15537	517.8579	0
15538	517.8912	0
15539	517.9245	0
15540	517.9579	0
15541	517.9912	0
15542	518.0245	0
15543	518.0579	0
15544	518.0912	0
15545	518.1245	0
15546	518.1579	0
15547	518.1912	0
15548	518.2245	0
15549	518.2579	0
15550	518.2912	0
15551	518.3245	0
15552	518.3579	0
15553	518.3912	0
15554	518.4245	0
15555	518.4579	0
15556	518.4912	0
15557	518.5245	0
15558	518.5579	0
15559	518.5912	0
15560	518.6245	0
15561	518.6579	0
15562	518.6912	0
15563	518.7245	0
15564	518.7579	0
15565	518.7912	0
15566	518.8245	0
15567	518.8579	0
15568	518.8912	0
15569	518.9245	0
15570	518.9579	0
15571	518.9912	0
15572	519.0245	0
15573	519.0579	0
15574	519.0912	0
15575	519.1245	0
15576	519.1579	0
15577	519.1912	0
15578	519.2245	0
15579	519.2579	0
15580	519.2912	0
15581	519.3245	0
15582	519.3578	0
15583	519.3912	0
15584	519.4245	0
15585	519.4578	0
15586	519.4912	0
15587	519.5245	0
15588	519.5578	0
15589	519.5912	0
15590	519.6245	0
15591	519.6578	0
15592	519.6912	0
15593	519.7245	0
15594	519.7578	0
15595	519.7912	0
15596	519.8245	0
15597	519.8578	0
15598	519.8912	0
15599	519.9245	0
15600	519.9578	0
15601	519.9912	0
15602	520.0245	0
15603	520.0578	0
15604	520.0912	0
15605	520.1245	0
15606	520.1578	0
15607	520.1912	0
15608	520.2245	0
15609	520.2578	0
15610	520.2912	0
15611	520.3245	0
15612	520.3578	0
15613	520.3912	0
15614	520.4245	0
15615	520.4578	0
15616	520.4912	0
15617	520.5245	0
15618	520.5578	0
15619	520.5912	0
15620	520.6245	0
15621	520.6578	0
15622	520.6912	0
15623	520.7245	0
15624	520.7578	0
15625	520.7912	0
15626	520.8245	0
15627	520.8578	0
15628	520.8912	0
15629	520.9245	0
15630	520.9578	0
15631	520.9912	0
15632	521.0245	0
15633	521.0578	0
15634	521.0912	0
15635	521.1245	0
15636	521.1578	0
15637	521.1912	0
15638	521.2245	0
15639	521.2578	0
15640	521.2912	0
15641	521.3245	0
15642	521.3578	0
15643	521.3911	0
15644	521.4245	0
15645	521.4578	0
15646	521.4911	0
15647	521.5245	0
15648	521.5578	0
15649	521.5911	0
15650	521.6245	0
15651	521.6578	0
15652	521.6911	0
15653	521.7245	0
15654	521.7578	0
15655	521.7911	0
15656	521.8245	0
15657	521.8578	0
15658	521.8911	0
15659	521.9245	0
15660	521.9578	0
15661	521.9911	0
15662	522.0245	0
15663	522.0578	0
15664	522.0911	0
15665	522.1245	0
15666	522.1578	0
15667	522.1911	0
15668	522.2245	0
15669	522.2578	0
15670	522.2911	0
15671	522.3245	0
15672	522.3578	0
15673	522.3911	0
15674	522.4245	0
15675	522.4578	0
15676	522.4911	0
15677	522.5245	0
15678	522.5578	0
15679	522.5911	0
15680	522.6245	0
15681	522.6578	0
15682	522.6911	0
15683	522.7245	0
15684	522.7578	0
15685	522.7911	0
15686	522.8245	0
15687	522.8578	0
15688	522.8911	0
15689	522.9245	0
15690	522.9578	0
15691	522.9911	0
15692	523.0245	0
15693	523.0578	0
15694	523.0911	1
15695	523.1245	1
15696	523.1578	1
15697	523.1911	1
15698	523.2245	1
15699	523.2578	1
15700	523.2911	1
15701	523.3244	1
15702	523.3578	1
15703	523.3911	1
15704	523.4244	1
15705	523.4578	1
15706	523.4911	1
15707	523.5244	1
15708	523.5578	1
15709	523.5911	1
15710	523.6244	1
15711	523.6578	1
15712	523.6911	1
15713	523.7244	1
15714	523.7578	1
15715	523.7911	1
15716	523.8244	1
15717	523.8578	1
15718	523.8911	1
15719	523.9244	1
15720	523.9578	1
15721	523.9911	1
15722	524.0244	1
15723	524.0578	1
15724	524.0911	1
15725	524.1244	1
15726	524.1578	1
15727	524.1911	1
15728	524.2244	1
15729	524.2578	1
15730	524.2911	1
15731	524.3244	1
15732	524.3578	1
15733	524.3911	1
15734	524.4244	1
15735	524.4578	1
15736	524.4911	1
15737	524.5244	1
15738	524.5578	1
15739	524.5911	1
15740	524.6244	1
15741	524.6578	1
15742	524.6911	1
15743	524.7244	1
15744	524.7578	1
15745	524.7911	1
15746	524.8244	1
15747	524.8578	1
15748	524.8911	1
15749	524.9244	1
15750	524.9578	1
15751	524.9911	1
15752	525.0244	1
15753	525.0578	1
15754	525.0911	1
15755	525.1244	1
15756	525.1578	1
15757	525.1911	1
15758	525.2244	1
15759	525.2577	1
15760	525.2911	1
15761	525.3244	1
15762	525.3577	1
15763	525.3911	1
15764	525.4244	1
15765	525.4577	1
15766	525.4911	1
15767	525.5244	1
15768	525.5577	1
15769	525.5911	1
15770	525.6244	1
15771	525.6577	1
15772	525.6911	1
15773	525.7244	1
15774	525.7577	1
15775	525.7911	1
15776	525.8244	1
15777	525.8577	1
15778	525.8911	1
15779	525.9244	1
15780	525.9577	1
15781	525.9911	1
15782	526.0244	1
15783	526.0577	1
15784	526.0911	1
15785	526.1244	1
15786	526.1577	1
15787	526.1911	1
15788	526.2244	1
15789	526.2577	1
15790	526.2911	1
15791	526.3244	1
15792	526.3577	1
15793	526.3911	1
15794	526.4244	1
15795	526.4577	1
15796	526.4911	1
15797	526.5244	1
15798	526.5577	1
15799	526.5911	1
15800	526.6244	1
15801	526.6577	1
15802	526.6911	1
15803	526.7244	1
15804	526.7577	1
15805	526.7911	1
15806	526.8244	1
15807	526.8577	1
15808	526.8911	1
15809	526.9244	1
15810	526.9577	1
15811	526.9911	1
15812	527.0244	1
15813	527.0577	1
15814	527.0911	1
15815	527.1244	1
15816	527.1577	1
15817	527.1911	1
15818	527.2244	1
15819	527.2577	1
15820	527.2910	1
15821	527.3244	1
15822	527.3577	1
15823	527.3910	1
15824	527.4244	1
15825	527.4577	1
15826	527.4910	1
15827	527.5244	1
15828	527.5577	1
15829	527.5910	1
15830	527.6244	1
15831	527.6577	1
15832	527.6910	1
15833	527.7244	1
15834	527.7577	1
15835	527.7910	1
15836	527.8244	1
15837	527.8577	1
15838	527.8910	1
15839	527.9244	1
15840	527.9577	1
15841	527.9910	1
15842	528.0244	1
15843	528.0577	1
15844	528.0910	1
15845	528.1244	1
15846	528.1577	1
15847	528.1910	1
15848	528.2244	1
15849	528.2577	1
15850	528.2910	1
15851	528.3244	1
15852	528.3577	1
15853	528.3910	1
15854	528.4244	1
15855	528.4577	1
15856	528.4910	1
15857	528.5244	1
15858	528.5577	1
15859	528.5910	1
15860	528.6244	1
15861	528.6577	1
15862	528.6910	1
15863	528.7244	1
15864	528.7577	1
15865	528.7910	1
15866	528.8244	1
15867	528.8577	1
15868	528.8910	1
15869	528.9244	1
15870	528.9577	1
15871	528.9910	1
15872	529.0244	1
15873	529.0577	1
15874	529.0910	1
15875	529.1244	1
15876	529.1577	1
15877	529.1910	1
15878	529.2243	1
15879	529.2577	1
15880	529.2910	1
15881	529.3243	1
15882	529.3577	1
15883	529.3910	1
15884	529.4243	1
15885	529.4577	1
15886	529.4910	1
15887	529.5243	1
15888	529.5577	1
15889	529.5910	1
15890	529.6243	1
15891	529.6577	1
15892	529.6910	1
15893	529.7243	1
15894	529.7577	1
15895	529.7910	1
15896	529.8243	1
15897	529.8577	1
15898	529.8910	1
15899	529.9243	1
15900	529.9577	1
15901	529.9910	1
15902	530.0243	1
15903	530.0577	1
15904	530.0910	1
15905	530.1243	1
15906	530.1577	1
15907	530.1910	1
15908	530.2243	1
15909	530.2577	1
15910	530.2910	1
15911	530.3243	1
15912	530.3577	1
15913	530.3910	1
15914	530.4243	1
15915	530.4577	1
15916	530.4910	1
15917	530.5243	1
15918	530.5577	1
15919	530.5910	1
15920	530.6243	1
15921	530.6577	1
15922	530.6910	1
15923	530.7243	1
15924	530.7577	1
15925	530.7910	1
15926	530.8243	1
15927	530.8577	1
15928	530.8910	1
15929	530.9243	1
15930	530.9577	1
15931	530.9910	1
15932	531.0243	1
15933	531.0577	1
15934	531.0910	1
15935	531.1243	1
15936	531.1576	1
15937	531.1910	1
15938	531.2243	1
15939	531.2576	1
15940	531.2910	1
15941	531.3243	1
15942	531.3576	1
15943	531.3910	1
15944	531.4243	1
15945	531.4576	1
15946	531.4910	1
15947	531.5243	1
15948	531.5576	1
15949	531.5910	1
15950	531.6243	1
15951	531.6576	1
15952	531.6910	1
15953	531.7243	1
15954	531.7576	1
15955	531.7910	1
15956	531.8243	1
15957	531.8576	1
15958	531.8910	1
15959	531.9243	1
15960	531.9576	1
15961	531.9910	1
15962	532.0243	1
15963	532.0576	1
15964	532.0910	1
15965	532.1243	1
15966	532.1576	1
15967	532.1910	1
15968	532.2243	1
15969	532.2576	1
15970	532.2910	1
15971	532.3243	1
15972	532.3576	1
15973	532.3910	1
15974	532.4243	1
15975	532.4576	1
15976	532.4910	1
15977	532.5243	1
15978	532.5576	1
15979	532.5910	1
15980	532.6243	1
15981	532.6576	1
15982	532.6910	1
15983	532.7243	1
15984	532.7576	1
15985	532.7910	1
15986	532.8243	1
15987	532.8576	1
15988	532.8910	1
15989	532.9243	1
15990	532.9576	1
15991	532.9910	1
15992	533.0243	1
15993	533.0576	1
15994	533.0910	1
15995	533.1243	1
15996	533.1576	1
15997	533.1909	1
15998	533.2243	1
15999	533.2576	1
16000	533.2909	1
16001	533.3243	1
16002	533.3576	1
16003	533.3909	1
16004	533.4243	1
16005	533.4576	1
16006	533.4909	1
16007	533.5243	1
16008	533.5576	1
16009	533.5909	1
16010	533.6243	1
16011	533.6576	1
16012	533.6909	1
16013	533.7243	1
16014	533.7576	1
16015	533.7909	1
16016	533.8243	1
16017	533.8576	1
16018	533.8909	1
16019	533.9243	1
16020	533.9576	1
16021	533.9909	1
16022	534.0243	1
16023	534.0576	1
16024	534.0909	1
16025	534.1243	1
16026	534.1576	1
16027	534.1909	1
16028	534.2243	1
16029	534.2576	1
16030	534.2909	1
16031	534.3243	1
16032	534.3576	1
16033	534.3909	1
16034	534.4243	1
16035	534.4576	1
16036	534.4909	1
16037	534.5243	1
16038	534.5576	1
16039	534.5909	1
16040	534.6243	1
16041	534.6576	1
16042	534.6909	1
16043	534.7243	1
16044	534.7576	1
16045	534.7909	1
16046	534.8243	1
16047	534.8576	1
16048	534.8909	1
16049	534.9243	1
16050	534.9576	1
16051	534.9909	1
16052	535.0243	1
16053	535.0576	1
16054	535.0909	1
16055	535.1242	1
16056	535.1576	1
16057	535.1909	1
16058	535.2242	1
16059	535.2576	1
16060	535.2909	1
16061	535.3242	1
16062	535.3576	1
16063	535.3909	1
16064	535.4242	1
16065	535.4576	1
16066	535.4909	1
16067	535.5242	1
16068	535.5576	1
16069	535.5909	1
16070	535.6242	1
16071	535.6576	1
16072	535.6909	1
16073	535.7242	1
16074	535.7576	1
16075	535.7909	1
16076	535.8242	1
16077	535.8576	1
16078	535.8909	1
16079	535.9242	0
16080	535.9576	1
16081	535.9909	1
16082	536.0242	1
16083	536.0576	1
16084	536.0909	1
16085	536.1242	1
16086	536.1576	1
16087	536.1909	1
16088	536.2242	1
16089	536.2576	1
16090	536.2909	1
16091	536.3242	1
16092	536.3576	1
16093	536.3909	1
16094	536.4242	1
16095	536.4576	1
16096	536.4909	1
16097	536.5242	1
16098	536.5576	1
16099	536.5909	1
16100	536.6242	1
16101	536.6576	1
16102	536.6909	1
16103	536.7242	1
16104	536.7576	1
16105	536.7909	1
16106	536.8242	1
16107	536.8576	1
16108	536.8909	1
16109	536.9242	1
16110	536.9576	1
16111	536.9909	1
16112	537.0242	1
16113	537.0575	1
16114	537.0909	1
16115	537.1242	1
16116	537.1575	1
16117	537.1909	1
16118	537.2242	1
16119	537.2575	1
16120	537.2909	1
16121	537.3242	1
16122	537.3575	1
16123	537.3909	1
16124	537.4242	1
16125	537.4575	1
16126	537.4909	1
16127	537.5242	1
16128	537.5575	1
16129	537.5909	1
16130	537.6242	1
16131	537.6575	1
16132	537.6909	1
16133	537.7242	1
16134	537.7575	1
16135	537.7909	1
16136	537.8242	1
16137	537.8575	1
16138	537.8909	1
16139	537.9242	1
16140	537.9575	1
16141	537.9909	1
16142	538.0242	1
16143	538.0575	1
16144	538.0909	1
16145	538.1242	1
16146	538.1575	1
16147	538.1909	1
16148	538.2242	1
16149	538.2575	1
16150	538.2909	1
16151	538.3242	1
16152	538.3575	1
16153	538.3909	1
16154	538.4242	1
16155	538.4575	1
16156	538.4909	1
16157	538.5242	1
16158	538.5575	1
16159	538.5909	1
16160	538.6242	1
16161	538.6575	1
16162	538.6909	1
16163	538.7242	1
16164	538.7575	1
16165	538.7909	1
16166	538.8242	1
16167	538.8575	1
16168	538.8909	1
16169	538.9242	1
16170	538.9575	1
16171	538.9908	1
16172	539.0242	1
16173	539.0575	1
16174	539.0908	1
16175	539.1242	1
16176	539.1575	1
16177	539.1908	1
16178	539.2242	1
16179	539.2575	1
16180	539.2908	1
16181	539.3242	1
16182	539.3575	1
16183	539.3908	1
16184	539.4242	1
16185	539.4575	1
16186	539.4908	1
16187	539.5242	1
16188	539.5575	1
16189	539.5908	1
16190	539.6242	1
16191	539.6575	1
16192	539.6908	1
16193	539.7242	1
16194	539.7575	1
16195	539.7908	1
16196	539.8242	1
16197	539.8575	1
16198	539.8908	1
16199	539.9242	1
16200	539.9575	1
16201	539.9908	1
16202	540.0242	1
16203	540.0575	1
16204	540.0908	1
16205	540.1242	1
16206	540.1575	1
16207	540.1908	1
16208	540.2242	1
16209	540.2575	1
16210	540.2908	1
16211	540.3242	1
16212	540.3575	1
16213	540.3908	1
16214	540.4242	1
16215	540.4575	1
16216	540.4908	1
16217	540.5242	1
16218	540.5575	0
16219	540.5908	0
16220	540.6242	0
16221	540.6575	0
16222	540.6908	0
16223	540.7242	0
16224	540.7575	0
16225	540.7908	0
16226	540.8242	0
16227	540.8575	0
16228	540.8908	0
16229	540.9242	0
16230	540.9575	1
16231	540.9908	1
16232	541.0241	1
16233	541.0575	1
16234	541.0908	1
16235	541.1241	1
16236	541.1575	1
16237	541.1908	1
16238	541.2241	1
16239	541.2575	1
16240	541.2908	1
16241	541.3241	1
16242	541.3575	1
16243	541.3908	1
16244	541.4241	1
16245	541.4575	1
16246	541.4908	1
16247	541.5241	1
16248	541.5575	1
16249	541.5908	1
16250	541.6241	1
16251	541.6575	1
16252	541.6908	1
16253	541.7241	1
16254	541.7575	1
16255	541.7908	1
16256	541.8241	1
16257	541.8575	1
16258	541.8908	1
16259	541.9241	1
16260	541.9575	1
16261	541.9908	1
16262	542.0241	1
16263	542.0575	1
16264	542.0908	1
16265	542.1241	1
16266	542.1575	1
16267	542.1908	1
16268	542.2241	1
16269	542.2575	1
16270	542.2908	1
16271	542.3241	1
16272	542.3575	1
16273	542.3908	1
16274	542.4241	1
16275	542.4575	1
16276	542.4908	1
16277	542.5241	1
16278	542.5575	1
16279	542.5908	1
16280	542.6241	1
16281	542.6575	1
16282	542.6908	1
16283	542.7241	1
16284	542.7575	1
16285	542.7908	1
16286	542.8241	1
16287	542.8575	1
16288	542.8908	1
16289	542.9241	1
16290	542.9574	1
16291	542.9908	1
16292	543.0241	1
16293	543.0574	1
16294	543.0908	1
16295	543.1241	1
16296	543.1574	1
16297	543.1908	1
16298	543.2241	1
16299	543.2574	1
16300	543.2908	1
16301	543.3241	1
16302	543.3574	1
16303	543.3908	1
16304	543.4241	1
16305	543.4574	1
16306	543.4908	1
16307	543.5241	1
16308	543.5574	1
16309	543.5908	1
16310	543.6241	1
16311	543.6574	1
16312	543.6908	1
16313	543.7241	1
16314	543.7574	1
16315	543.7908	1
16316	543.8241	1
16317	543.8574	1
16318	543.8908	1
16319	543.9241	1
16320	543.9574	1
16321	543.9908	1
16322	544.0241	1
16323	544.0574	1
16324	544.0908	1
16325	544.1241	1
16326	544.1574	1
16327	544.1908	1
16328	544.2241	1
16329	544.2574	1
16330	544.2908	1
16331	544.3241	1
16332	544.3574	1
16333	544.3908	1
16334	544.4241	1
16335	544.4574	1
16336	544.4908	1
16337	544.5241	1
16338	544.5574	1
16339	544.5908	1
16340	544.6241	1
16341	544.6574	1
16342	544.6908	1
16343	544.7241	1
16344	544.7574	1
16345	544.7908	1
16346	544.8241	1
16347	544.8574	1
16348	544.8907	1
16349	544.9241	1
16350	544.9574	1
16351	544.9907	1
16352	545.0241	1
16353	545.0574	1
16354	545.0907	1
16355	545.1241	1
16356	545.1574	1
16357	545.1907	1
16358	545.2241	1
16359	545.2574	1
16360	545.2907	1
16361	545.3241	1
16362	545.3574	1
16363	545.3907	1
16364	545.4241	1
16365	545.4574	1
16366	545.4907	1
16367	545.5241	1
16368	545.5574	1
16369	545.5907	1
16370	545.6241	1
16371	545.6574	1
16372	545.6907	1
16373	545.7241	1
16374	545.7574	1
16375	545.7907	1
16376	545.8241	1
16377	545.8574	1
16378	545.8907	1
16379	545.9241	1
16380	545.9574	1
16381	545.9907	1
16382	546.0241	1
16383	546.0574	1
16384	546.0907	1
16385	546.1241	1
16386	546.1574	1
16387	546.1907	1
16388	546.2241	1
16389	546.2574	1
16390	546.2907	1
16391	546.3241	1
16392	546.3574	1
16393	546.3907	1
16394	546.4241	1
16395	546.4574	1
16396	546.4907	1
16397	546.5241	1
16398	546.5574	1
16399	546.5907	1
16400	546.6241	1
16401	546.6574	1
16402	546.6907	1
16403	546.7241	1
16404	546.7574	1
16405	546.7907	1
16406	546.8241	1
16407	546.8574	1
16408	546.8907	1
16409	546.9240	1
16410	546.9574	1
16411	546.9907	1
16412	547.0240	1
16413	547.0574	1
16414	547.0907	1
16415	547.1240	1
16416	547.1574	1
16417	547.1907	1
16418	547.2240	1
16419	547.2574	1
16420	547.2907	1
16421	547.3240	1
16422	547.3574	1
16423	547.3907	1
16424	547.4240	1
16425	547.4574	1
16426	547.4907	1
16427	547.5240	1
16428	547.5574	1
16429	547.5907	1
16430	547.6240	1
16431	547.6574	1
16432	547.6907	1
16433	547.7240	1
16434	547.7574	1
16435	547.7907	1
16436	547.8240	1
16437	547.8574	1
16438	547.8907	1
16439	547.9240	1
16440	547.9574	1
16441	547.9907	1
16442	548.0240	1
16443	548.0574	1
16444	548.0907	1
16445	548.1240	1
16446	548.1574	1
16447	548.1907	1
16448	548.2240	1
16449	548.2574	1
16450	548.2907	1
16451	548.3240	1
16452	548.3574	1
16453	548.3907	1
16454	548.4240	1
16455	548.4574	1
16456	548.4907	1
16457	548.5240	1
16458	548.5574	1
16459	548.5907	1
16460	548.6240	1
16461	548.6574	1
16462	548.6907	1
16463	548.7240	1
16464	548.7574	1
16465	548.7907	1
16466	548.8240	1
16467	548.8573	1
16468	548.8907	1
16469	548.9240	1
16470	548.9573	1
16471	548.9907	1
16472	549.0240	1
16473	549.0573	1
16474	549.0907	1
16475	549.1240	1
16476	549.1573	1
16477	549.1907	1
16478	549.2240	1
16479	549.2573	1
16480	549.2907	1
16481	549.3240	1
16482	549.3573	1
16483	549.3907	1
16484	549.4240	1
16485	549.4573	1
16486	549.4907	1
16487	549.5240	1
16488	549.5573	1
16489	549.5907	1
16490	549.6240	1
16491	549.6573	1
16492	549.6907	1
16493	549.7240	1
16494	549.7573	1
16495	549.7907	1
16496	549.8240	1
16497	549.8573	1
16498	549.8907	1
16499	549.9240	1
16500	549.9573	1
16501	549.9907	1
16502	550.0240	1
16503	550.0573	1
16504	550.0907	1
16505	550.1240	1
16506	550.1573	1
16507	550.1907	1
16508	550.2240	1
16509	550.2573	1
16510	550.2907	1
16511	550.3240	1
16512	550.3573	1
16513	550.3907	1
16514	550.4240	1
16515	550.4573	1
16516	550.4907	1
16517	550.5240	1
16518	550.5573	1
16519	550.5907	1
16520	550.6240	1
16521	550.6573	1
16522	550.6907	1
16523	550.7240	1
16524	550.7573	1
16525	550.7906	1
16526	550.8240	1
16527	550.8573	1
16528	550.8906	1
16529	550.9240	1
16530	550.9573	1
16531	550.9906	1
16532	551.0240	1
16533	551.0573	1
16534	551.0906	1
16535	551.1240	1
16536	551.1573	1
16537	551.1906	1
16538	551.2240	1
16539	551.2573	1
16540	551.2906	1
16541	551.3240	1
16542	551.3573	1
16543	551.3906	1
16544	551.4240	1
16545	551.4573	1
16546	551.4906	1
16547	551.5240	1
16548	551.5573	1
16549	551.5906	1
16550	551.6240	1
16551	551.6573	1
16552	551.6906	1
16553	551.7240	1
16554	551.7573	1
16555	551.7906	1
16556	551.8240	1
16557	551.8573	1
16558	551.8906	1
16559	551.9240	1
16560	551.9573	1
16561	551.9906	1
16562	552.0240	1
16563	552.0573	1
16564	552.0906	1
16565	552.1240	1
16566	552.1573	1
16567	552.1906	1
16568	552.2240	1
16569	552.2573	1
16570	552.2906	1
16571	552.3240	1
16572	552.3573	1
16573	552.3906	1
16574	552.4240	1
16575	552.4573	1
16576	552.4906	1
16577	552.5240	1
16578	552.5573	1
16579	552.5906	1
16580	552.6240	1
16581	552.6573	1
16582	552.6906	1
16583	552.7240	1
16584	552.7573	1
16585	552.7906	1
16586	552.8239	1
16587	552.8573	1
16588	552.8906	1
16589	552.9239	1
16590	552.9573	1
16591	552.9906	1
16592	553.0239	1
16593	553.0573	1
16594	553.0906	1
16595	553.1239	1
16596	553.1573	1
16597	553.1906	1
16598	553.2239	1
16599	553.2573	1
16600	553.2906	1
16601	553.3239	1
16602	553.3573	1
16603	553.3906	1
16604	553.4239	1
16605	553.4573	1
16606	553.4906	0
16607	553.5239	0
16608	553.5573	0
16609	553.5906	0
16610	553.6239	0
16611	553.6573	0
16612	553.6906	0
16613	553.7239	0
16614	553.7573	0
16615	553.7906	0
16616	553.8239	0
16617	553.8573	0
16618	553.8906	0
16619	553.9239	0
16620	553.9573	0
16621	553.9906	0
16622	554.0239	0
16623	554.0573	0
16624	554.0906	0
16625	554.1239	0
16626	554.1573	0
16627	554.1906	0
16628	554.2239	0
16629	554.2573	0
16630	554.2906	0
16631	554.3239	0
16632	554.3573	0
16633	554.3906	0
16634	554.4239	0
16635	554.4573	0
16636	554.4906	0
16637	554.5239	0
16638	554.5573	0
16639	554.5906	0
16640	554.6239	0
16641	554.6573	0
16642	554.6906	0
16643	554.7239	0
16644	554.7572	0
16645	554.7906	0
16646	554.8239	0
16647	554.8572	0
16648	554.8906	0
16649	554.9239	0
16650	554.9572	0
16651	554.9906	0
16652	555.0239	0
16653	555.0572	0
16654	555.0906	0
16655	555.1239	0
16656	555.1572	0
16657	555.1906	0
16658	555.2239	1
16659	555.2572	1
16660	555.2906	1
16661	555.3239	1
16662	555.3572	1
16663	555.3906	1
16664	555.4239	1
16665	555.4572	1
16666	555.4906	1
16667	555.5239	1
16668	555.5572	1
16669	555.5906	1
16670	555.6239	1
16671	555.6572	1
16672	555.6906	1
16673	555.7239	1
16674	555.7572	1
16675	555.7906	1
16676	555.8239	1
16677	555.8572	1
16678	555.8906	1
16679	555.9239	1
16680	555.9572	1
16681	555.9906	1
16682	556.0239	1
16683	556.0572	1
16684	556.0906	1
16685	556.1239	1
16686	556.1572	1
16687	556.1906	1
16688	556.2239	1
16689	556.2572	1
16690	556.2906	1
16691	556.3239	1
16692	556.3572	1
16693	556.3906	1
16694	556.4239	1
16695	556.4572	1
16696	556.4906	1
16697	556.5239	1
16698	556.5572	1
16699	556.5906	1
16700	556.6239	1
16701	556.6572	1
16702	556.6905	1
16703	556.7239	1
16704	556.7572	1
16705	556.7905	1
16706	556.8239	1
16707	556.8572	1
16708	556.8905	1
16709	556.9239	1
16710	556.9572	1
16711	556.9905	1
16712	557.0239	1
16713	557.0572	1
16714	557.0905	1
16715	557.1239	1
16716	557.1572	1
16717	557.1905	1
16718	557.2239	1
16719	557.2572	1
16720	557.2905	0
16721	557.3239	0
16722	557.3572	0
16723	557.3905	0
16724	557.4239	0
16725	557.4572	0
16726	557.4905	0
16727	557.5239	0
16728	557.5572	0
16729	557.5905	0
16730	557.6239	0
16731	557.6572	0
16732	557.6905	0
16733	557.7239	0
16734	557.7572	0
16735	557.7905	0
16736	557.8239	0
16737	557.8572	0
16738	557.8905	0
16739	557.9239	0
16740	557.9572	0
16741	557.9905	0
16742	558.0239	0
16743	558.0572	0
16744	558.0905	0
16745	558.1239	0
16746	558.1572	0
16747	558.1905	0
16748	558.2239	0
16749	558.2572	0
16750	558.2905	0
16751	558.3239	0
16752	558.3572	0
16753	558.3905	0
16754	558.4239	0
16755	558.4572	0
16756	558.4905	0
16757	558.5239	0
16758	558.5572	1
16759	558.5905	1
16760	558.6238	1
16761	558.6572	1
16762	558.6905	1
16763	558.7238	1
16764	558.7572	1
16765	558.7905	1
16766	558.8238	1
16767	558.8572	1
16768	558.8905	1
16769	558.9238	1
16770	558.9572	1
16771	558.9905	1
16772	559.0238	1
16773	559.0572	1
16774	559.0905	1
16775	559.1238	1
16776	559.1572	1
16777	559.1905	0
16778	559.2238	0
16779	559.2572	0
16780	559.2905	0
16781	559.3238	0
16782	559.3572	0
16783	559.3905	0
16784	559.4238	0
16785	559.4572	0
16786	559.4905	0
16787	559.5238	0
16788	559.5572	0
16789	559.5905	0
16790	559.6238	0
16791	559.6572	0
16792	559.6905	0
16793	559.7238	0
16794	559.7572	0
16795	559.7905	0
16796	559.8238	0
16797	559.8572	0
16798	559.8905	0
16799	559.9238	0
16800	559.9572	0
16801	559.9905	0
16802	560.0238	0
16803	560.0572	0
16804	560.0905	0
16805	560.1238	0
16806	560.1572	0
16807	560.1905	0
16808	560.2238	0
16809	560.2572	0
16810	560.2905	0
16811	560.3238	0
16812	560.3572	0
16813	560.3905	0
16814	560.4238	0
16815	560.4572	0
16816	560.4905	0
16817	560.5238	0
16818	560.5572	0
16819	560.5905	0
16820	560.6238	0
16821	560.6571	0
16822	560.6905	0
16823	560.7238	0
16824	560.7571	0
16825	560.7905	0
16826	560.8238	0
16827	560.8571	0
16828	560.8905	0
16829	560.9238	0
16830	560.9571	0
16831	560.9905	0
16832	561.0238	0
16833	561.0571	0
16834	561.0905	0
16835	561.1238	0
16836	561.1571	0
16837	561.1905	0
16838	561.2238	0
16839	561.2571	0
16840	561.2905	0
16841	561.3238	0
16842	561.3571	0
16843	561.3905	0
16844	561.4238	0
16845	561.4571	0
16846	561.4905	0
16847	561.5238	0
16848	561.5571	0
16849	561.5905	0
16850	561.6238	0
16851	561.6571	0
16852	561.6905	0
16853	561.7238	0
16854	561.7571	0
16855	561.7905	0
16856	561.8238	0
16857	561.8571	0
16858	561.8905	0
16859	561.9238	0
16860	561.9571	0
16861	561.9905	0
16862	562.0238	0
16863	562.0571	0
16864	562.0905	0
16865	562.1238	0
16866	562.1571	0
16867	562.1905	1
16868	562.2238	1
16869	562.2571	1
16870	562.2905	1
16871	562.3238	1
16872	562.3571	1
16873	562.3905	1
16874	562.4238	1
16875	562.4571	1
16876	562.4905	1
16877	562.5238	1
16878	562.5571	1
16879	562.5904	1
16880	562.6238	1
16881	562.6571	1
16882	562.6904	1
16883	562.7238	1
16884	562.7571	1
16885	562.7904	1
16886	562.8238	1
16887	562.8571	1
16888	562.8904	1
16889	562.9238	1
16890	562.9571	1
16891	562.9904	1
16892	563.0238	1
16893	563.0571	1
16894	563.0904	1
16895	563.1238	1
16896	563.1571	1
16897	563.1904	1
16898	563.2238	1
16899	563.2571	1
16900	563.2904	1
16901	563.3238	1
16902	563.3571	1
16903	563.3904	1
16904	563.4238	0
16905	563.4571	0
16906	563.4904	0
16907	563.5238	0
16908	563.5571	0
16909	563.5904	0
16910	563.6238	0
16911	563.6571	0
16912	563.6904	0
16913	563.7238	0
16914	563.7571	0
16915	563.7904	0
16916	563.8238	0
16917	563.8571	0
16918	563.8904	0
16919	563.9238	0
16920	563.9571	0
16921	563.9904	0
16922	564.0238	0
16923	564.0571	0
16924	564.0904	0
16925	564.1238	0
16926	564.1571	0
16927	564.1904	0
16928	564.2238	0
16929	564.2571	0
16930	564.2904	0
16931	564.3238	0
16932	564.3571	0
16933	564.3904	0
16934	564.4238	0
16935	564.4571	0
16936	564.4904	0
16937	564.5237	0
16938	564.5571	0
16939	564.5904	0
16940	564.6237	0
16941	564.6571	0
16942	564.6904	0
16943	564.7237	0
16944	564.7571	0
16945	564.7904	0
16946	564.8237	0
16947	564.8571	0
16948	564.8904	0
16949	564.9237	0
16950	564.9571	0
16951	564.9904	0
16952	565.0237	1
16953	565.0571	1
16954	565.0904	1
16955	565.1237	1
16956	565.1571	1
16957	565.1904	1
16958	565.2237	1
16959	565.2571	1
16960	565.2904	1
16961	565.3237	1
16962	565.3571	1
16963	565.3904	1
16964	565.4237	1
16965	565.4571	1
16966	565.4904	1
16967	565.5237	1
16968	565.5571	1
16969	565.5904	1
16970	565.6237	1
16971	565.6571	1
16972	565.6904	1
16973	565.7237	1
16974	565.7571	1
16975	565.7904	1
16976	565.8237	1
16977	565.8571	1
16978	565.8904	1
16979	565.9237	1
16980	565.9571	1
16981	565.9904	1
16982	566.0237	1
16983	566.0571	1
16984	566.0904	1
16985	566.1237	1
16986	566.1571	1
16987	566.1904	1
16988	566.2237	1
16989	566.2571	1
16990	566.2904	1
16991	566.3237	1
16992	566.3571	1
16993	566.3904	1
16994	566.4237	1
16995	566.4571	1
16996	566.4904	1
16997	566.5237	1
16998	566.5570	1
16999	566.5904	1
17000	566.6237	1
17001	566.6570	1
17002	566.6904	1
17003	566.7237	1
17004	566.7570	1
17005	566.7904	1
17006	566.8237	1
17007	566.8570	1
17008	566.8904	1
17009	566.9237	1
17010	566.9570	1
17011	566.9904	1
17012	567.0237	1
17013	567.0570	1
17014	567.0904	1
17015	567.1237	1
17016	567.1570	1
17017	567.1904	1
17018	567.2237	1
17019	567.2570	1
17020	567.2904	1
17021	567.3237	1
17022	567.3570	1
17023	567.3904	1
17024	567.4237	1
17025	567.4570	1
17026	567.4904	1
17027	567.5237	1
17028	567.5570	1
17029	567.5904	0
17030	567.6237	0
17031	567.6570	0
17032	567.6904	0
17033	567.7237	0
17034	567.7570	0
17035	567.7904	0
17036	567.8237	0
17037	567.8570	0
17038	567.8904	0
17039	567.9237	0
17040	567.9570	0
17041	567.9904	0
17042	568.0237	0
17043	568.0570	0
17044	568.0904	0
17045	568.1237	0
17046	568.1570	0
17047	568.1904	0
17048	568.2237	0
17049	568.2570	0
17050	568.2904	0
17051	568.3237	0
17052	568.3570	0
17053	568.3904	0
17054	568.4237	0
17055	568.4570	0
17056	568.4903	0
17057	568.5237	0
17058	568.5570	0
17059	568.5903	0
17060	568.6237	0
17061	568.6570	0
17062	568.6903	0
17063	568.7237	0
17064	568.7570	0
17065	568.7903	0
17066	568.8237	0
17067	568.8570	0
17068	568.8903	0
17069	568.9237	0
17070	568.9570	0
17071	568.9903	0
17072	569.0237	0
17073	569.0570	0
17074	569.0903	0
17075	569.1237	0
17076	569.1570	0
17077	569.1903	0
17078	569.2237	0
17079	569.2570	0
17080	569.2903	0
17081	569.3237	0
17082	569.3570	0
17083	569.3903	0
17084	569.4237	0
17085	569.4570	0
17086	569.4903	1
17087	569.5237	1
17088	569.5570	1
17089	569.5903	1
17090	569.6237	1
17091	569.6570	1
17092	569.6903	1
17093	569.7237	1
17094	569.7570	1
17095	569.7903	1
17096	569.8237	1
17097	569.8570	1
17098	569.8903	1
17099	569.9237	1
17100	569.9570	1
17101	569.9903	1
17102	570.0237	1
17103	570.0570	1
17104	570.0903	1
17105	570.1237	1
17106	570.1570	1
17107	570.1903	1
17108	570.2237	1
17109	570.2570	1
17110	570.2903	1
17111	570.3237	1
17112	570.3570	1
17113	570.3903	1
17114	570.4236	1
17115	570.4570	1
17116	570.4903	1
17117	570.5236	1
17118	570.5570	1
17119	570.5903	1
17120	570.6236	1
17121	570.6570	1
17122	570.6903	1
17123	570.7236	1
17124	570.7570	1
17125	570.7903	1
17126	570.8236	1
17127	570.8570	1
17128	570.8903	1
17129	570.9236	1
17130	570.9570	1
17131	570.9903	1
17132	571.0236	1
17133	571.0570	1
17134	571.0903	1
17135	571.1236	1
17136	571.1570	1
17137	571.1903	1
17138	571.2236	1
17139	571.2570	1
17140	571.2903	1
17141	571.3236	1
17142	571.3570	1
17143	571.3903	1
17144	571.4236	1
17145	571.4570	1
17146	571.4903	1
17147	571.5236	1
17148	571.5570	1
17149	571.5903	1
17150	571.6236	1
17151	571.6570	1
17152	571.6903	1
17153	571.7236	1
17154	571.7570	1
17155	571.7903	1
17156	571.8236	1
17157	571.8570	1
17158	571.8903	1
17159	571.9236	1
17160	571.9570	1
17161	571.9903	1
17162	572.0236	1
17163	572.0570	1
17164	572.0903	1
17165	572.1236	1
17166	572.1570	1
17167	572.1903	1
17168	572.2236	1
17169	572.2570	1
17170	572.2903	1
17171	572.3236	1
17172	572.3570	1
17173	572.3903	1
17174	572.4236	1
17175	572.4569	1
17176	572.4903	1
17177	572.5236	1
17178	572.5569	1
17179	572.5903	1
17180	572.6236	1
17181	572.6569	1
17182	572.6903	1
17183	572.7236	1
17184	572.7569	1
17185	572.7903	1
17186	572.8236	1
17187	572.8569	1
17188	572.8903	1
17189	572.9236	1
17190	572.9569	1
17191	572.9903	1
17192	573.0236	1
17193	573.0569	1
17194	573.0903	1
17195	573.1236	1
17196	573.1569	1
17197	573.1903	1
17198	573.2236	1
17199	573.2569	1
17200	573.2903	1
17201	573.3236	1
17202	573.3569	1
17203	573.3903	1
17204	573.4236	1
17205	573.4569	1
17206	573.4903	1
17207	573.5236	1
17208	573.5569	1
17209	573.5903	1
17210	573.6236	1
17211	573.6569	1
17212	573.6903	1
17213	573.7236	1
17214	573.7569	1
17215	573.7903	1
17216	573.8236	1
17217	573.8569	1
17218	573.8903	1
17219	573.9236	1
17220	573.9569	1
17221	573.9903	1
17222	574.0236	1
17223	574.0569	1
17224	574.0903	1
17225	574.1236	1
17226	574.1569	1
17227	574.1903	1
17228	574.2236	1
17229	574.2569	1
17230	574.2903	1
17231	574.3236	1
17232	574.3569	1
17233	574.3902	1
17234	574.4236	1
17235	574.4569	1
17236	574.4902	1
17237	574.5236	1
17238	574.5569	1
17239	574.5902	1
17240	574.6236	1
17241	574.6569	1
17242	574.6902	1
17243	574.7236	1
17244	574.7569	1
17245	574.7902	1
17246	574.8236	1
17247	574.8569	1
17248	574.8902	1
17249	574.9236	1
17250	574.9569	1
17251	574.9902	1
17252	575.0236	1
17253	575.0569	1
17254	575.0902	1
17255	575.1236	1
17256	575.1569	1
17257	575.1902	1
17258	575.2236	1
17259	575.2569	1
17260	575.2902	1
17261	575.3236	1
17262	575.3569	1
17263	575.3902	1
17264	575.4236	1
17265	575.4569	1
17266	575.4902	1
17267	575.5236	1
17268	575.5569	1
17269	575.5902	1
17270	575.6236	0
17271	575.6569	0
17272	575.6902	0
17273	575.7236	0
17274	575.7569	0
17275	575.7902	0
17276	575.8236	0
17277	575.8569	0
17278	575.8902	0
17279	575.9236	0
17280	575.9569	0
17281	575.9902	0
17282	576.0236	0
17283	576.0569	0
17284	576.0902	0
17285	576.1236	0
17286	576.1569	0
17287	576.1902	0
17288	576.2236	0
17289	576.2569	0
17290	576.2902	0
17291	576.3235	0
17292	576.3569	0
17293	576.3902	0
17294	576.4235	0
17295	576.4569	0
17296	576.4902	0
17297	576.5235	0
17298	576.5569	0
17299	576.5902	0
17300	576.6235	0
17301	576.6569	0
17302	576.6902	0
17303	576.7235	0
17304	576.7569	0
17305	576.7902	0
17306	576.8235	0
17307	576.8569	0
17308	576.8902	0
17309	576.9235	0
17310	576.9569	0
17311	576.9902	0
17312	577.0235	0
17313	577.0569	0
17314	577.0902	0
17315	577.1235	0
17316	577.1569	0
17317	577.1902	0
17318	577.2235	0
17319	577.2569	0
17320	577.2902	0
17321	577.3235	0
17322	577.3569	0
17323	577.3902	0
17324	577.4235	0
17325	577.4569	0
17326	577.4902	0
17327	577.5235	0
17328	577.5569	0
17329	577.5902	0
17330	577.6235	0
17331	577.6569	0
17332	577.6902	0
17333	577.7235	0
17334	577.7569	0
17335	577.7902	0
17336	577.8235	0
17337	577.8569	0
17338	577.8902	0
17339	577.9235	0
17340	577.9569	0
17341	577.9902	0
17342	578.0235	0
17343	578.0569	0
17344	578.0902	0
17345	578.1235	0
17346	578.1569	0
17347	578.1902	0
17348	578.2235	0
17349	578.2569	0
17350	578.2902	0
17351	578.3235	0
17352	578.3568	0
17353	578.3902	0
17354	578.4235	0
17355	578.4568	0
17356	578.4902	0
17357	578.5235	0
17358	578.5568	0
17359	578.5902	0
17360	578.6235	0
17361	578.6568	0
17362	578.6902	0
17363	578.7235	0
17364	578.7568	0
17365	578.7902	1
17366	578.8235	0
17367	578.8568	0
17368	578.8902	0
17369	578.9235	0
17370	578.9568	0
17371	578.9902	0
17372	579.0235	0
17373	579.0568	0
17374	579.0902	0
17375	579.1235	0
17376	579.1568	0
17377	579.1902	0
17378	579.2235	0
17379	579.2568	0
17380	579.2902	0
17381	579.3235	1
17382	579.3568	1
17383	579.3902	1
17384	579.4235	1
17385	579.4568	1
17386	579.4902	1
17387	579.5235	1
17388	579.5568	1
17389	579.5902	1
17390	579.6235	1
17391	579.6568	1
17392	579.6902	1
17393	579.7235	1
17394	579.7568	1
17395	579.7902	1
17396	579.8235	1
17397	579.8568	1
17398	579.8902	1
17399	579.9235	1
17400	579.9568	1
17401	579.9902	1
17402	580.0235	1
17403	580.0568	1
17404	580.0902	1
17405	580.1235	1
17406	580.1568	1
17407	580.1902	1
17408	580.2235	1
17409	580.2568	1
17410	580.2901	1
17411	580.3235	1
17412	580.3568	1
17413	580.3901	1
17414	580.4235	1
17415	580.4568	1
17416	580.4901	1
17417	580.5235	1
17418	580.5568	1
17419	580.5901	1
17420	580.6235	1
17421	580.6568	1
17422	580.6901	1
17423	580.7235	1
17424	580.7568	1
17425	580.7901	1
17426	580.8235	1
17427	580.8568	1
17428	580.8901	1
17429	580.9235	1
17430	580.9568	1
17431	580.9901	1
17432	581.0235	0
17433	581.0568	0
17434	581.0901	0
17435	581.1235	0
17436	581.1568	0
17437	581.1901	0
17438	581.2235	0
17439	581.2568	0
17440	581.2901	0
17441	581.3235	0
17442	581.3568	0
17443	581.3901	0
17444	581.4235	0
17445	581.4568	0
17446	581.4901	0
17447	581.5235	0
17448	581.5568	0
17449	581.5901	0
17450	581.6235	0
17451	581.6568	0
17452	581.6901	0
17453	581.7235	0
17454	581.7568	0
17455	581.7901	0
17456	581.8235	0
17457	581.8568	0
17458	581.8901	0
17459	581.9235	0
17460	581.9568	0
17461	581.9901	0
17462	582.0235	0
17463	582.0568	0
17464	582.0901	0
17465	582.1235	0
17466	582.1568	0
17467	582.1901	0
17468	582.2234	0
17469	582.2568	0
17470	582.2901	0
17471	582.3234	0
17472	582.3568	0
17473	582.3901	0
17474	582.4234	0
17475	582.4568	0
17476	582.4901	0
17477	582.5234	1
17478	582.5568	1
17479	582.5901	1
17480	582.6234	1
17481	582.6568	1
17482	582.6901	1
17483	582.7234	1
17484	582.7568	1
17485	582.7901	1
17486	582.8234	1
17487	582.8568	1
17488	582.8901	1
17489	582.9234	1
17490	582.9568	1
17491	582.9901	1
17492	583.0234	1
17493	583.0568	1
17494	583.0901	1
17495	583.1234	1
17496	583.1568	1
17497	583.1901	1
17498	583.2234	1
17499	583.2568	1
17500	583.2901	1
17501	583.3234	1
17502	583.3568	1
17503	583.3901	1
17504	583.4234	1
17505	583.4568	1
17506	583.4901	1
17507	583.5234	1
17508	583.5568	1
17509	583.5901	1
17510	583.6234	1
17511	583.6568	1
17512	583.6901	1
17513	583.7234	1
17514	583.7568	1
17515	583.7901	1
17516	583.8234	1
17517	583.8568	1
17518	583.8901	1
17519	583.9234	1
17520	583.9568	1
17521	583.9901	1
17522	584.0234	1
17523	584.0568	1
17524	584.0901	1
17525	584.1234	1
17526	584.1567	1
17527	584.1901	1
17528	584.2234	1
17529	584.2567	1
17530	584.2901	1
17531	584.3234	1
17532	584.3567	1
17533	584.3901	1
17534	584.4234	1
17535	584.4567	1
17536	584.4901	1
17537	584.5234	1
17538	584.5567	1
17539	584.5901	1
17540	584.6234	1
17541	584.6567	1
17542	584.6901	1
17543	584.7234	1
17544	584.7567	1
17545	584.7901	1
17546	584.8234	1
17547	584.8567	1
17548	584.8901	1
17549	584.9234	1
17550	584.9567	1
17551	584.9901	1
17552	585.0234	1
17553	585.0567	1
17554	585.0901	1
17555	585.1234	1
17556	585.1567	1
17557	585.1901	1
17558	585.2234	1
17559	585.2567	1
17560	585.2901	1
17561	585.3234	1
17562	585.3567	1
17563	585.3901	1
17564	585.4234	1
17565	585.4567	1
17566	585.4901	1
17567	585.5234	1
17568	585.5567	1
17569	585.5901	1
17570	585.6234	1
17571	585.6567	1
17572	585.6901	1
17573	585.7234	1
17574	585.7567	1
17575	585.7901	1
17576	585.8234	1
17577	585.8567	1
17578	585.8901	1
17579	585.9234	1
17580	585.9567	1
17581	585.9901	1
17582	586.0234	1
17583	586.0567	1
17584	586.0901	1
17585	586.1234	1
17586	586.1567	1
17587	586.1900	1
17588	586.2234	1
17589	586.2567	1
17590	586.2900	1
17591	586.3234	1
17592	586.3567	1
17593	586.3900	1
17594	586.4234	1
17595	586.4567	1
17596	586.4900	1
17597	586.5234	1
17598	586.5567	1
17599	586.5900	1
17600	586.6234	1
17601	586.6567	1
17602	586.6900	1
17603	586.7234	1
17604	586.7567	1
17605	586.7900	1
17606	586.8234	1
17607	586.8567	1
17608	586.8900	1
17609	586.9234	1
17610	586.9567	1
17611	586.9900	1
17612	587.0234	1
17613	587.0567	1
17614	587.0900	1
17615	587.1234	1
17616	587.1567	1
17617	587.1900	1
17618	587.2234	1
17619	587.2567	1
17620	587.2900	1
17621	587.3234	1
17622	587.3567	1
17623	587.3900	1
17624	587.4234	1
17625	587.4567	1
17626	587.4900	1
17627	587.5234	1
17628	587.5567	1
17629	587.5900	1
17630	587.6234	1
17631	587.6567	1
17632	587.6900	1
17633	587.7234	1
17634	587.7567	1
17635	587.7900	1
17636	587.8234	1
17637	587.8567	1
17638	587.8900	1
17639	587.9234	1
17640	587.9567	1
17641	587.9900	1
17642	588.0234	1
17643	588.0567	1
17644	588.0900	1
17645	588.1233	1
17646	588.1567	1
17647	588.1900	1
17648	588.2233	1
17649	588.2567	1
17650	588.2900	1
17651	588.3233	1
17652	588.3567	1
17653	588.3900	1
17654	588.4233	1
17655	588.4567	1
17656	588.4900	1
17657	588.5233	1
17658	588.5567	1
17659	588.5900	1
17660	588.6233	1
17661	588.6567	1
17662	588.6900	1
17663	588.7233	1
17664	588.7567	1
17665	588.7900	1
17666	588.8233	1
17667	588.8567	1
17668	588.8900	1
17669	588.9233	1
17670	588.9567	1
17671	588.9900	1
17672	589.0233	1
17673	589.0567	1
17674	589.0900	1
17675	589.1233	1
17676	589.1567	1
17677	589.1900	1
17678	589.2233	1
17679	589.2567	1
17680	589.2900	1
17681	589.3233	1
17682	589.3567	1
17683	589.3900	1
17684	589.4233	0
17685	589.4567	0
17686	589.4900	0
17687	589.5233	0
17688	589.5567	0
17689	589.5900	0
17690	589.6233	0
17691	589.6567	0
17692	589.6900	0
17693	589.7233	0
17694	589.7567	0
17695	589.7900	0
17696	589.8233	0
17697	589.8567	0
17698	589.8900	0
17699	589.9233	0
17700	589.9567	0
17701	589.9900	0
17702	590.0233	0
17703	590.0566	0
17704	590.0900	0
17705	590.1233	0
17706	590.1566	0
17707	590.1900	0
17708	590.2233	0
17709	590.2566	0
17710	590.2900	0
17711	590.3233	0
17712	590.3566	0
17713	590.3900	0
17714	590.4233	0
17715	590.4566	0
17716	590.4900	0
17717	590.5233	0
17718	590.5566	0
17719	590.5900	0
17720	590.6233	0
17721	590.6566	0
17722	590.6900	0
17723	590.7233	0
17724	590.7566	0
17725	590.7900	0
17726	590.8233	0
17727	590.8566	0
17728	590.8900	0
17729	590.9233	0
17730	590.9566	0
17731	590.9900	0
17732	591.0233	0
17733	591.0566	0
17734	591.0900	0
17735	591.1233	0
17736	591.1566	0
17737	591.1900	0
17738	591.2233	0
17739	591.2566	0
17740	591.2900	0
17741	591.3233	0
17742	591.3566	0
17743	591.3900	0
17744	591.4233	0
17745	591.4566	0
17746	591.4900	0
17747	591.5233	0
17748	591.5566	0
17749	591.5900	0
17750	591.6233	0
17751	591.6566	0
17752	591.6900	0
17753	591.7233	0
17754	591.7566	0
17755	591.7900	0
17756	591.8233	0
17757	591.8566	0
17758	591.8900	0
17759	591.9233	0
17760	591.9566	0
17761	591.9900	0
17762	592.0233	0
17763	592.0566	0
17764	592.0899	0
17765	592.1233	0
17766	592.1566	0
17767	592.1899	0
17768	592.2233	0
17769	592.2566	0
17770	592.2899	0
17771	592.3233	0
17772	592.3566	0
17773	592.3899	0
17774	592.4233	0
17775	592.4566	0
17776	592.4899	0
17777	592.5233	0
17778	592.5566	0
17779	592.5899	0
17780	592.6233	0
17781	592.6566	0
17782	592.6899	0
17783	592.7233	0
17784	592.7566	0
17785	592.7899	0
17786	592.8233	0
17787	592.8566	0
17788	592.8899	0
17789	592.9233	0
17790	592.9566	0
17791	592.9899	0
17792	593.0233	0
17793	593.0566	0
17794	593.0899	0
17795	593.1233	0
17796	593.1566	0
17797	593.1899	0
17798	593.2233	0
17799	593.2566	0
17800	593.2899	0
17801	593.3233	0
17802	593.3566	0
17803	593.3899	1
17804	593.4233	1
17805	593.4566	1
17806	593.4899	1
17807	593.5233	1
17808	593.5566	1
17809	593.5899	1
17810	593.6233	1
17811	593.6566	1
17812	593.6899	1
17813	593.7233	1
17814	593.7566	1
17815	593.7899	1
17816	593.8233	1
17817	593.8566	1
17818	593.8899	1
17819	593.9233	1
17820	593.9566	1
17821	593.9899	1
17822	594.0232	1
17823	594.0566	1
17824	594.0899	1
17825	594.1232	1
17826	594.1566	1
17827	594.1899	1
17828	594.2232	1
17829	594.2566	1
17830	594.2899	1
17831	594.3232	1
17832	594.3566	1
17833	594.3899	1
17834	594.4232	1
17835	594.4566	1
17836	594.4899	1
17837	594.5232	1
17838	594.5566	1
17839	594.5899	1
17840	594.6232	1
17841	594.6566	1
17842	594.6899	1
17843	594.7232	1
17844	594.7566	1
17845	594.7899	1
17846	594.8232	1
17847	594.8566	1
17848	594.8899	1
17849	594.9232	0
17850	594.9566	0
17851	594.9899	0
17852	595.0232	0
17853	595.0566	0
17854	595.0899	0
17855	595.1232	0
17856	595.1566	0
17857	595.1899	0
17858	595.2232	0
17859	595.2566	0
17860	595.2899	0
17861	595.3232	0
17862	595.3566	0
17863	595.3899	0
17864	595.4232	0
17865	595.4566	0
17866	595.4899	0
17867	595.5232	0
17868	595.5566	0
17869	595.5899	0
17870	595.6232	0
17871	595.6566	0
17872	595.6899	0
17873	595.7232	0
17874	595.7566	0
17875	595.7899	0
17876	595.8232	0
17877	595.8566	0
17878	595.8899	0
17879	595.9232	0
17880	595.9565	0
17881	595.9899	0
17882	596.0232	0
17883	596.0565	0
17884	596.0899	0
17885	596.1232	0
17886	596.1565	0
17887	596.1899	0
17888	596.2232	0
17889	596.2565	0
17890	596.2899	0
17891	596.3232	0
17892	596.3565	0
17893	596.3899	0
17894	596.4232	0
17895	596.4565	0
17896	596.4899	0
17897	596.5232	0
17898	596.5565	0
17899	596.5899	0
17900	596.6232	0
17901	596.6565	0
17902	596.6899	0
17903	596.7232	0
17904	596.7565	0
17905	596.7899	0
17906	596.8232	0
17907	596.8565	0
17908	596.8899	0
17909	596.9232	0
17910	596.9565	0
17911	596.9899	0
17912	597.0232	0
17913	597.0565	0
17914	597.0899	0
17915	597.1232	0
17916	597.1565	0
17917	597.1899	0
17918	597.2232	0
17919	597.2565	0
17920	597.2899	0
17921	597.3232	0
17922	597.3565	0
17923	597.3899	0
17924	597.4232	0
17925	597.4565	0
17926	597.4899	0
17927	597.5232	0
17928	597.5565	0
17929	597.5899	0
17930	597.6232	0
17931	597.6565	0
17932	597.6899	0
17933	597.7232	0
17934	597.7565	0
17935	597.7899	0
17936	597.8232	0
17937	597.8565	0
17938	597.8899	0
17939	597.9232	0
17940	597.9565	0
17941	597.9898	0
17942	598.0232	0
17943	598.0565	0
17944	598.0898	0
17945	598.1232	0
17946	598.1565	0
17947	598.1898	0
17948	598.2232	0
17949	598.2565	0
17950	598.2898	0
17951	598.3232	0
17952	598.3565	0
17953	598.3898	0
17954	598.4232	0
17955	598.4565	0
17956	598.4898	0
17957	598.5232	0
17958	598.5565	0
17959	598.5898	0
17960	598.6232	0
17961	598.6565	0
17962	598.6898	0
17963	598.7232	0
17964	598.7565	0
17965	598.7898	0
17966	598.8232	0
17967	598.8565	0
17968	598.8898	0
17969	598.9232	0
17970	598.9565	0
17971	598.9898	0
17972	599.0232	0
17973	599.0565	0
17974	599.0898	0
17975	599.1232	0
17976	599.1565	0
17977	599.1898	0
17978	599.2232	1
17979	599.2565	1
17980	599.2898	1
17981	599.3232	1
17982	599.3565	1
17983	599.3898	1
17984	599.4232	1
17985	599.4565	1
17986	599.4898	1
17987	599.5232	1
17988	599.5565	1
17989	599.5898	1
17990	599.6232	1
17991	599.6565	1
17992	599.6898	1
17993	599.7232	1
17994	599.7565	1
17995	599.7898	1
17996	599.8232	1
17997	599.8565	1
17998	599.8898	1
17999	599.9231	1
18000	599.9565	1
18001	599.9898	1
18002	600.0231	1
18003	600.0565	1
18004	600.0898	1
18005	600.1231	1
18006	600.1565	1
18007	600.1898	1
18008	600.2231	1
18009	600.2565	1
18010	600.2898	1
18011	600.3231	1
18012	600.3565	1
18013	600.3898	1
18014	600.4231	1
18015	600.4565	1
18016	600.4898	1
18017	600.5231	1
18018	600.5565	1
18019	600.5898	1
18020	600.6231	1
18021	600.6565	1
18022	600.6898	1
18023	600.7231	1
18024	600.7565	1
18025	600.7898	1
18026	600.8231	1
18027	600.8565	1
18028	600.8898	1
18029	600.9231	1
18030	600.9565	1
18031	600.9898	1
18032	601.0231	1
18033	601.0565	1
18034	601.0898	1
18035	601.1231	1
18036	601.1565	1
18037	601.1898	1
18038	601.2231	1
18039	601.2565	1
18040	601.2898	1
18041	601.3231	1
18042	601.3565	1
18043	601.3898	1
18044	601.4231	1
18045	601.4565	1
18046	601.4898	1
18047	601.5231	1
18048	601.5565	1
18049	601.5898	1
18050	601.6231	1
18051	601.6565	1
18052	601.6898	1
18053	601.7231	1
18054	601.7565	0
18055	601.7898	0
18056	601.8231	0
18057	601.8564	0
18058	601.8898	0
18059	601.9231	0
18060	601.9564	0
18061	601.9898	0
18062	602.0231	0
18063	602.0564	0
18064	602.0898	0
18065	602.1231	0
18066	602.1564	0
18067	602.1898	0
18068	602.2231	0
18069	602.2564	0
18070	602.2898	0
18071	602.3231	0
18072	602.3564	0
18073	602.3898	0
18074	602.4231	0
18075	602.4564	0
18076	602.4898	0
18077	602.5231	0
18078	602.5564	0
18079	602.5898	0
18080	602.6231	0
18081	602.6564	0
18082	602.6898	0
18083	602.7231	0
18084	602.7564	0
18085	602.7898	0
18086	602.8231	0
18087	602.8564	0
18088	602.8898	0
18089	602.9231	0
18090	602.9564	0
18091	602.9898	0
18092	603.0231	0
18093	603.0564	0
18094	603.0898	0
18095	603.1231	0
18096	603.1564	0
18097	603.1898	0
18098	603.2231	0
18099	603.2564	0
18100	603.2898	0
18101	603.3231	0
18102	603.3564	0
18103	603.3898	0
18104	603.4231	0
18105	603.4564	0
18106	603.4898	0
18107	603.5231	0
18108	603.5564	0
18109	603.5898	0
18110	603.6231	0
18111	603.6564	0
18112	603.6898	0
18113	603.7231	0
18114	603.7564	0
18115	603.7897	0
18116	603.8231	0
18117	603.8564	0
18118	603.8897	0
18119	603.9231	0
18120	603.9564	1
18121	603.9897	1
18122	604.0231	1
18123	604.0564	1
18124	604.0897	1
18125	604.1231	1
18126	604.1564	1
18127	604.1897	1
18128	604.2231	1
18129	604.2564	1
18130	604.2897	1
18131	604.3231	1
18132	604.3564	1
18133	604.3897	1
18134	604.4231	1
18135	604.4564	1
18136	604.4897	1
18137	604.5231	1
18138	604.5564	1
18139	604.5897	1
18140	604.6231	1
18141	604.6564	1
18142	604.6897	1
18143	604.7231	1
18144	604.7564	1
18145	604.7897	1
18146	604.8231	1
18147	604.8564	1
18148	604.8897	1
18149	604.9231	1
18150	604.9564	1
18151	604.9897	1
18152	605.0231	1
18153	605.0564	1
18154	605.0897	1
18155	605.1231	1
18156	605.1564	1
18157	605.1897	1
18158	605.2231	1
18159	605.2564	1
18160	605.2897	1
18161	605.3231	1
18162	605.3564	1
18163	605.3897	1
18164	605.4231	1
18165	605.4564	1
18166	605.4897	1
18167	605.5231	1
18168	605.5564	1
18169	605.5897	1
18170	605.6231	1
18171	605.6564	1
18172	605.6897	1
18173	605.7231	1
18174	605.7564	1
18175	605.7897	1
18176	605.8230	1
18177	605.8564	1
18178	605.8897	1
18179	605.9230	1
18180	605.9564	1
18181	605.9897	1
18182	606.0230	1
18183	606.0564	1
18184	606.0897	1
18185	606.1230	1
18186	606.1564	1
18187	606.1897	1
18188	606.2230	1
18189	606.2564	1
18190	606.2897	1
18191	606.3230	1
18192	606.3564	1
18193	606.3897	1
18194	606.4230	1
18195	606.4564	1
18196	606.4897	1
18197	606.5230	1
18198	606.5564	1
18199	606.5897	1
18200	606.6230	1
18201	606.6564	1
18202	606.6897	1
18203	606.7230	1
18204	606.7564	1
18205	606.7897	1
18206	606.8230	1
18207	606.8564	1
18208	606.8897	1
18209	606.9230	0
18210	606.9564	0
18211	606.9897	0
18212	607.0230	0
18213	607.0564	1
18214	607.0897	1
18215	607.1230	1
18216	607.1564	1
18217	607.1897	1
18218	607.2230	1
18219	607.2564	1
18220	607.2897	1
18221	607.3230	1
18222	607.3564	1
18223	607.3897	1
18224	607.4230	1
18225	607.4564	1
18226	607.4897	1
18227	607.5230	1
18228	607.5564	1
18229	607.5897	1
18230	607.6230	1
18231	607.6564	1
18232	607.6897	1
18233	607.7230	1
18234	607.7563	1
18235	607.7897	1
18236	607.8230	1
18237	607.8563	1
18238	607.8897	1
18239	607.9230	1
18240	607.9563	1
18241	607.9897	1
18242	608.0230	1
18243	608.0563	1
18244	608.0897	1
18245	608.1230	1
18246	608.1563	1
18247	608.1897	1
18248	608.2230	1
18249	608.2563	1
18250	608.2897	1
18251	608.3230	1
18252	608.3563	1
18253	608.3897	1
18254	608.4230	1
18255	608.4563	1
18256	608.4897	1
18257	608.5230	1
18258	608.5563	1
18259	608.5897	1
18260	608.6230	1
18261	608.6563	1
18262	608.6897	1
18263	608.7230	1
18264	608.7563	1
18265	608.7897	1
18266	608.8230	1
18267	608.8563	1
18268	608.8897	1
18269	608.9230	1
18270	608.9563	1
18271	608.9897	1
18272	609.0230	1
18273	609.0563	1
18274	609.0897	1
18275	609.1230	1
18276	609.1563	1
18277	609.1897	1
18278	609.2230	1
18279	609.2563	1
18280	609.2897	1
18281	609.3230	1
18282	609.3563	1
18283	609.3897	1
18284	609.4230	1
18285	609.4563	1
18286	609.4897	1
18287	609.5230	1
18288	609.5563	1
18289	609.5897	1
18290	609.6230	1
18291	609.6563	1
18292	609.6896	1
18293	609.7230	1
18294	609.7563	1
18295	609.7896	1
18296	609.8230	1
18297	609.8563	1
18298	609.8896	1
18299	609.9230	1
18300	609.9563	1
18301	609.9896	1
18302	610.0230	1
18303	610.0563	1
18304	610.0896	1
18305	610.1230	1
18306	610.1563	1
18307	610.1896	1
18308	610.2230	1
18309	610.2563	1
18310	610.2896	1
18311	610.3230	1
18312	610.3563	1
18313	610.3896	1
18314	610.4230	1
18315	610.4563	1
18316	610.4896	1
18317	610.5230	1
18318	610.5563	1
18319	610.5896	1
18320	610.6230	1
18321	610.6563	1
18322	610.6896	1
18323	610.7230	1
18324	610.7563	1
18325	610.7896	1
18326	610.8230	1
18327	610.8563	1
18328	610.8896	1
18329	610.9230	1
18330	610.9563	1
18331	610.9896	1
18332	611.0230	1
18333	611.0563	1
18334	611.0896	1
18335	611.1230	1
18336	611.1563	1
18337	611.1896	1
18338	611.2230	1
18339	611.2563	1
18340	611.2896	1
18341	611.3230	1
18342	611.3563	1
18343	611.3896	1
18344	611.4230	1
18345	611.4563	1
18346	611.4896	1
18347	611.5230	1
18348	611.5563	1
18349	611.5896	1
18350	611.6230	1
18351	611.6563	1
18352	611.6896	1
18353	611.7229	1
18354	611.7563	1
18355	611.7896	1
18356	611.8229	1
18357	611.8563	1
18358	611.8896	1
18359	611.9229	1
18360	611.9563	1
18361	611.9896	1
18362	612.0229	1
18363	612.0563	1
18364	612.0896	1
18365	612.1229	1
18366	612.1563	1
18367	612.1896	1
18368	612.2229	1
18369	612.2563	1
18370	612.2896	1
18371	612.3229	1
18372	612.3563	1
18373	612.3896	1
18374	612.4229	1
18375	612.4563	1
18376	612.4896	1
18377	612.5229	1
18378	612.5563	1
18379	612.5896	1
18380	612.6229	1
18381	612.6563	1
18382	612.6896	1
18383	612.7229	1
18384	612.7563	1
18385	612.7896	1
18386	612.8229	1
18387	612.8563	1
18388	612.8896	1
18389	612.9229	0
18390	612.9563	0
18391	612.9896	0
18392	613.0229	0
18393	613.0563	0
18394	613.0896	0
18395	613.1229	0
18396	613.1563	0
18397	613.1896	0
18398	613.2229	0
18399	613.2563	0
18400	613.2896	0
18401	613.3229	0
18402	613.3563	0
18403	613.3896	0
18404	613.4229	0
18405	613.4563	0
18406	613.4896	0
18407	613.5229	0
18408	613.5563	0
18409	613.5896	0
18410	613.6229	0
18411	613.6562	0
18412	613.6896	0
18413	613.7229	0
18414	613.7562	0
18415	613.7896	0
18416	613.8229	0
18417	613.8562	0
18418	613.8896	0
18419	613.9229	0
18420	613.9562	0
18421	613.9896	0
18422	614.0229	0
18423	614.0562	0
18424	614.0896	0
18425	614.1229	0
18426	614.1562	0
18427	614.1896	0
18428	614.2229	0
18429	614.2562	0
18430	614.2896	0
18431	614.3229	0
18432	614.3562	0
18433	614.3896	0
18434	614.4229	0
18435	614.4562	0
18436	614.4896	0
18437	614.5229	0
18438	614.5562	0
18439	614.5896	0
18440	614.6229	0
18441	614.6562	0
18442	614.6896	0
18443	614.7229	0
18444	614.7562	0
18445	614.7896	0
18446	614.8229	0
18447	614.8562	0
18448	614.8896	0
18449	614.9229	0
18450	614.9562	0
18451	614.9896	0
18452	615.0229	0
18453	615.0562	0
18454	615.0896	0
18455	615.1229	0
18456	615.1562	0
18457	615.1896	0
18458	615.2229	0
18459	615.2562	0
18460	615.2896	0
18461	615.3229	0
18462	615.3562	0
18463	615.3896	0
18464	615.4229	0
18465	615.4562	0
18466	615.4896	0
18467	615.5229	0
18468	615.5562	0
18469	615.5895	0
18470	615.6229	0
18471	615.6562	0
18472	615.6895	0
18473	615.7229	0
18474	615.7562	0
18475	615.7895	0
18476	615.8229	0
18477	615.8562	0
18478	615.8895	0
18479	615.9229	0
18480	615.9562	0
18481	615.9895	0
18482	616.0229	0
18483	616.0562	0
18484	616.0895	0
18485	616.1229	0
18486	616.1562	0
18487	616.1895	0
18488	616.2229	0
18489	616.2562	0
18490	616.2895	0
18491	616.3229	0
18492	616.3562	0
18493	616.3895	0
18494	616.4229	0
18495	616.4562	0
18496	616.4895	0
18497	616.5229	0
18498	616.5562	0
18499	616.5895	0
18500	616.6229	0
18501	616.6562	0
18502	616.6895	0
18503	616.7229	0
18504	616.7562	0
18505	616.7895	0
18506	616.8229	0
18507	616.8562	0
18508	616.8895	0
18509	616.9229	0
18510	616.9562	0
18511	616.9895	0
18512	617.0229	0
18513	617.0562	0
18514	617.0895	0
18515	617.1229	0
18516	617.1562	0
18517	617.1895	0
18518	617.2229	0
18519	617.2562	0
18520	617.2895	0
18521	617.3229	0
18522	617.3562	0
18523	617.3895	0
18524	617.4229	0
18525	617.4562	0
18526	617.4895	0
18527	617.5229	0
18528	617.5562	0
18529	617.5895	0
18530	617.6228	0
18531	617.6562	0
18532	617.6895	0
18533	617.7228	0
18534	617.7562	0
18535	617.7895	0
18536	617.8228	0
18537	617.8562	0
18538	617.8895	0
18539	617.9228	0
18540	617.9562	0
18541	617.9895	0
18542	618.0228	0
18543	618.0562	0
18544	618.0895	0
18545	618.1228	0
18546	618.1562	0
18547	618.1895	0
18548	618.2228	0
18549	618.2562	0
18550	618.2895	0
18551	618.3228	0
18552	618.3562	0
18553	618.3895	0
18554	618.4228	0
18555	618.4562	0
18556	618.4895	0
18557	618.5228	0
18558	618.5562	0
18559	618.5895	0
18560	618.6228	0
18561	618.6562	0
18562	618.6895	0
18563	618.7228	0
18564	618.7562	0
18565	618.7895	0
18566	618.8228	0
18567	618.8562	0
18568	618.8895	0
18569	618.9228	0
18570	618.9562	0
18571	618.9895	0
18572	619.0228	0
18573	619.0562	0
18574	619.0895	0
18575	619.1228	0
18576	619.1562	0
18577	619.1895	0
18578	619.2228	0
18579	619.2562	0
18580	619.2895	0
18581	619.3228	0
18582	619.3562	0
18583	619.3895	0
18584	619.4228	0
18585	619.4562	0
18586	619.4895	0
18587	619.5228	0
18588	619.5561	0
18589	619.5895	0
18590	619.6228	0
18591	619.6561	0
18592	619.6895	0
18593	619.7228	0
18594	619.7561	0
18595	619.7895	0
18596	619.8228	0
18597	619.8561	0
18598	619.8895	0
18599	619.9228	0
18600	619.9561	0
18601	619.9895	0
18602	620.0228	0
18603	620.0561	0
18604	620.0895	0
18605	620.1228	0
18606	620.1561	0
18607	620.1895	0
18608	620.2228	0
18609	620.2561	0
18610	620.2895	0
18611	620.3228	0
18612	620.3561	0
18613	620.3895	0
18614	620.4228	0
18615	620.4561	0
18616	620.4895	0
18617	620.5228	0
18618	620.5561	0
18619	620.5895	0
18620	620.6228	0
18621	620.6561	0
18622	620.6895	0
18623	620.7228	0
18624	620.7561	0
18625	620.7895	0
18626	620.8228	0
18627	620.8561	0
18628	620.8895	0
18629	620.9228	0
18630	620.9561	0
18631	620.9895	0
18632	621.0228	0
18633	621.0561	0
18634	621.0895	0
18635	621.1228	0
18636	621.1561	0
18637	621.1895	0
18638	621.2228	0
18639	621.2561	0
18640	621.2895	0
18641	621.3228	0
18642	621.3561	0
18643	621.3895	0
18644	621.4228	0
18645	621.4561	0
18646	621.4894	0
18647	621.5228	0
18648	621.5561	0
18649	621.5894	0
18650	621.6228	0
18651	621.6561	0
18652	621.6894	0
18653	621.7228	0
18654	621.7561	0
18655	621.7894	0
18656	621.8228	0
18657	621.8561	0
18658	621.8894	0
18659	621.9228	0
18660	621.9561	0
18661	621.9894	0
18662	622.0228	0
18663	622.0561	0
18664	622.0894	0
18665	622.1228	0
18666	622.1561	0
18667	622.1894	0
18668	622.2228	0
18669	622.2561	0
18670	622.2894	0
18671	622.3228	0
18672	622.3561	0
18673	622.3894	0
18674	622.4228	0
18675	622.4561	0
18676	622.4894	0
18677	622.5228	0
18678	622.5561	0
18679	622.5894	0
18680	622.6228	0
18681	622.6561	0
18682	622.6894	0
18683	622.7228	0
18684	622.7561	0
18685	622.7894	0
18686	622.8228	0
18687	622.8561	0
18688	622.8894	0
18689	622.9228	0
18690	622.9561	0
18691	622.9894	0
18692	623.0228	0
18693	623.0561	0
18694	623.0894	0
18695	623.1228	0
18696	623.1561	0
18697	623.1894	0
18698	623.2228	0
18699	623.2561	0
18700	623.2894	0
18701	623.3228	0
18702	623.3561	0
18703	623.3894	0
18704	623.4227	0
18705	623.4561	0
18706	623.4894	0
18707	623.5227	0
18708	623.5561	0
18709	623.5894	0
18710	623.6227	0
18711	623.6561	0
18712	623.6894	0
18713	623.7227	0
18714	623.7561	0
18715	623.7894	0
18716	623.8227	0
18717	623.8561	0
18718	623.8894	0
18719	623.9227	0
18720	623.9561	0
18721	623.9894	0
18722	624.0227	0
18723	624.0561	0
18724	624.0894	0
18725	624.1227	0
18726	624.1561	0
18727	624.1894	0
18728	624.2227	0
18729	624.2561	0
18730	624.2894	0
18731	624.3227	0
18732	624.3561	0
18733	624.3894	0
18734	624.4227	0
18735	624.4561	0
18736	624.4894	0
18737	624.5227	0
18738	624.5561	0
18739	624.5894	0
18740	624.6227	0
18741	624.6561	0
18742	624.6894	0
18743	624.7227	0
18744	624.7561	0
18745	624.7894	0
18746	624.8227	0
18747	624.8561	0
18748	624.8894	0
18749	624.9227	0
18750	624.9561	0
18751	624.9894	0
18752	625.0227	0
18753	625.0561	0
18754	625.0894	0
18755	625.1227	0
18756	625.1561	0
18757	625.1894	0
18758	625.2227	0
18759	625.2561	0
18760	625.2894	0
18761	625.3227	0
18762	625.3561	0
18763	625.3894	0
18764	625.4227	0
18765	625.4560	0
18766	625.4894	0
18767	625.5227	0
18768	625.5560	0
18769	625.5894	0
18770	625.6227	0
18771	625.6560	0
18772	625.6894	0
18773	625.7227	0
18774	625.7560	0
18775	625.7894	0
18776	625.8227	0
18777	625.8560	0
18778	625.8894	0
18779	625.9227	0
18780	625.9560	0
18781	625.9894	0
18782	626.0227	0
18783	626.0560	0
18784	626.0894	0
18785	626.1227	0
18786	626.1560	0
18787	626.1894	0
18788	626.2227	0
18789	626.2560	0
18790	626.2894	0
18791	626.3227	0
18792	626.3560	0
18793	626.3894	0
18794	626.4227	0
18795	626.4560	0
18796	626.4894	0
18797	626.5227	0
18798	626.5560	0
18799	626.5894	0
18800	626.6227	0
18801	626.6560	0
18802	626.6894	0
18803	626.7227	0
18804	626.7560	0
18805	626.7894	0
18806	626.8227	0
18807	626.8560	0
18808	626.8894	0
18809	626.9227	0
18810	626.9560	0
18811	626.9894	0
18812	627.0227	0
18813	627.0560	0
18814	627.0894	0
18815	627.1227	0
18816	627.1560	0
18817	627.1894	0
18818	627.2227	0
18819	627.2560	0
18820	627.2894	0
18821	627.3227	0
18822	627.3560	0
18823	627.3893	0
18824	627.4227	0
18825	627.4560	0
18826	627.4893	0
18827	627.5227	0
18828	627.5560	0
18829	627.5893	0
18830	627.6227	0
18831	627.6560	0
18832	627.6893	0
18833	627.7227	0
18834	627.7560	0
18835	627.7893	0
18836	627.8227	0
18837	627.8560	0
18838	627.8893	0
18839	627.9227	0
18840	627.9560	0
18841	627.9893	0
18842	628.0227	0
18843	628.0560	0
18844	628.0893	0
18845	628.1227	0
18846	628.1560	0
18847	628.1893	0
18848	628.2227	0
18849	628.2560	0
18850	628.2893	0
18851	628.3227	0
18852	628.3560	0
18853	628.3893	0
18854	628.4227	0
18855	628.4560	0
18856	628.4893	0
18857	628.5227	0
18858	628.5560	0
18859	628.5893	0
18860	628.6227	0
18861	628.6560	0
18862	628.6893	0
18863	628.7227	0
18864	628.7560	0
18865	628.7893	0
18866	628.8227	0
18867	628.8560	0
18868	628.8893	0
18869	628.9227	0
18870	628.9560	0
18871	628.9893	0
18872	629.0227	0
18873	629.0560	0
18874	629.0893	0
18875	629.1227	0
18876	629.1560	0
18877	629.1893	0
18878	629.2227	0
18879	629.2560	0
18880	629.2893	0
18881	629.3226	0
18882	629.3560	0
18883	629.3893	0
18884	629.4226	0
18885	629.4560	0
18886	629.4893	0
18887	629.5226	0
18888	629.5560	0
18889	629.5893	0
18890	629.6226	0
18891	629.6560	0
18892	629.6893	0
18893	629.7226	0
18894	629.7560	0
18895	629.7893	0
18896	629.8226	0
18897	629.8560	0
18898	629.8893	0
18899	629.9226	0
18900	629.9560	0
18901	629.9893	0
18902	630.0226	0
18903	630.0560	0
18904	630.0893	0
18905	630.1226	0
18906	630.1560	0
18907	630.1893	0
18908	630.2226	0
18909	630.2560	0
18910	630.2893	0
18911	630.3226	0
18912	630.3560	0
18913	630.3893	0
18914	630.4226	0
18915	630.4560	0
18916	630.4893	0
18917	630.5226	0
18918	630.5560	0
18919	630.5893	0
18920	630.6226	0
18921	630.6560	0
18922	630.6893	0
18923	630.7226	0
18924	630.7560	0
18925	630.7893	0
18926	630.8226	0
18927	630.8560	0
18928	630.8893	0
18929	630.9226	0
18930	630.9560	0
18931	630.9893	0
18932	631.0226	0
18933	631.0560	0
18934	631.0893	0
18935	631.1226	0
18936	631.1560	0
18937	631.1893	0
18938	631.2226	0
18939	631.2560	0
18940	631.2893	0
18941	631.3226	0
18942	631.3559	0
18943	631.3893	0
18944	631.4226	0
18945	631.4559	0
18946	631.4893	0
18947	631.5226	0
18948	631.5559	0
18949	631.5893	0
18950	631.6226	0
18951	631.6559	0
18952	631.6893	0
18953	631.7226	0
18954	631.7559	0
18955	631.7893	0
18956	631.8226	0
18957	631.8559	0
18958	631.8893	0
18959	631.9226	0
18960	631.9559	0
18961	631.9893	0
18962	632.0226	0
18963	632.0559	0
18964	632.0893	0
18965	632.1226	0
18966	632.1559	0
18967	632.1893	0
18968	632.2226	0
18969	632.2559	0
18970	632.2893	0
18971	632.3226	0
18972	632.3559	0
18973	632.3893	0
18974	632.4226	0
18975	632.4559	0
18976	632.4893	0
18977	632.5226	0
18978	632.5559	0
18979	632.5893	0
18980	632.6226	0
18981	632.6559	0
18982	632.6893	0
18983	632.7226	0
18984	632.7559	0
18985	632.7893	0
18986	632.8226	0
18987	632.8559	0
18988	632.8893	0
18989	632.9226	0
18990	632.9559	0
18991	632.9893	
[ENDCODE]
