[SUBJECTNAME]=sn005
[AGE]=
[FIELD1]=eye-gaze
[FIELD2]=
[FIELD3]=
[FIELD4]=
[FIELD5]=
[FIELD6]=
[CODER]=
[VIDEOFILE]=G:\Backup experiment\SN005_James\SN005_02_02_F.avi
[RESOLUTION]=29.9998
[STARTCODES]

638	21.2335	0
639	21.2668	0
640	21.3001	0
641	21.3335	0
642	21.3668	0
643	21.4001	0
644	21.4335	0
645	21.4668	0
646	21.5001	0
647	21.5335	0
648	21.5668	0
649	21.6001	0
650	21.6335	0
651	21.6668	0
652	21.7001	0
653	21.7335	0
654	21.7668	0
655	21.8001	0
656	21.8335	0
657	21.8668	1
658	21.9001	1
659	21.9335	1
660	21.9668	1
661	22.0001	1
662	22.0335	1
663	22.0668	1
664	22.1001	1
665	22.1335	1
666	22.1668	1
667	22.2001	1
668	22.2335	1
669	22.2668	1
670	22.3001	1
671	22.3335	1
672	22.3668	1
673	22.4001	1
674	22.4335	1
675	22.4668	1
676	22.5001	1
677	22.5335	1
678	22.5668	1
679	22.6001	1
680	22.6335	1
681	22.6668	1
682	22.7001	1
683	22.7335	1
684	22.7668	1
685	22.8001	1
686	22.8335	1
687	22.8668	1
688	22.9001	1
689	22.9335	1
690	22.9668	1
691	23.0001	1
692	23.0335	1
693	23.0668	1
694	23.1001	1
695	23.1335	1
696	23.1668	1
697	23.2001	1
698	23.2335	1
699	23.2668	1
700	23.3001	1
701	23.3335	1
702	23.3668	1
703	23.4001	1
704	23.4335	1
705	23.4668	1
706	23.5001	1
707	23.5335	1
708	23.5668	1
709	23.6001	1
710	23.6335	1
711	23.6668	1
712	23.7001	1
713	23.7335	1
714	23.7668	1
715	23.8001	1
716	23.8335	1
717	23.8668	1
718	23.9001	1
719	23.9335	1
720	23.9668	1
721	24.0001	1
722	24.0335	1
723	24.0668	1
724	24.1001	1
725	24.1335	1
726	24.1668	1
727	24.2002	1
728	24.2335	1
729	24.2668	1
730	24.3002	1
731	24.3335	1
732	24.3668	1
733	24.4002	1
734	24.4335	1
735	24.4668	1
736	24.5002	1
737	24.5335	1
738	24.5668	1
739	24.6002	1
740	24.6335	1
741	24.6668	1
742	24.7002	1
743	24.7335	1
744	24.7668	1
745	24.8002	1
746	24.8335	1
747	24.8668	1
748	24.9002	1
749	24.9335	1
750	24.9668	1
751	25.0002	1
752	25.0335	1
753	25.0668	1
754	25.1002	1
755	25.1335	1
756	25.1668	1
757	25.2002	1
758	25.2335	1
759	25.2668	1
760	25.3002	1
761	25.3335	1
762	25.3668	1
763	25.4002	1
764	25.4335	1
765	25.4668	1
766	25.5002	1
767	25.5335	1
768	25.5668	1
769	25.6002	1
770	25.6335	1
771	25.6668	1
772	25.7002	1
773	25.7335	1
774	25.7668	1
775	25.8002	1
776	25.8335	1
777	25.8668	1
778	25.9002	1
779	25.9335	1
780	25.9668	1
781	26.0002	1
782	26.0335	1
783	26.0668	1
784	26.1002	1
785	26.1335	1
786	26.1668	1
787	26.2002	1
788	26.2335	1
789	26.2668	1
790	26.3002	1
791	26.3335	1
792	26.3668	1
793	26.4002	1
794	26.4335	1
795	26.4668	1
796	26.5002	1
797	26.5335	1
798	26.5668	1
799	26.6002	1
800	26.6335	1
801	26.6668	1
802	26.7002	1
803	26.7335	1
804	26.7668	1
805	26.8002	1
806	26.8335	1
807	26.8668	1
808	26.9002	1
809	26.9335	1
810	26.9668	1
811	27.0002	1
812	27.0335	1
813	27.0668	1
814	27.1002	1
815	27.1335	1
816	27.1668	1
817	27.2002	1
818	27.2335	1
819	27.2668	1
820	27.3002	1
821	27.3335	1
822	27.3668	1
823	27.4002	1
824	27.4335	1
825	27.4668	1
826	27.5002	1
827	27.5335	1
828	27.5668	1
829	27.6002	1
830	27.6335	1
831	27.6668	1
832	27.7002	1
833	27.7335	1
834	27.7668	1
835	27.8002	1
836	27.8335	1
837	27.8668	1
838	27.9002	1
839	27.9335	1
840	27.9668	1
841	28.0002	1
842	28.0335	1
843	28.0668	1
844	28.1002	1
845	28.1335	1
846	28.1668	1
847	28.2002	1
848	28.2335	1
849	28.2668	1
850	28.3002	1
851	28.3335	1
852	28.3668	1
853	28.4002	1
854	28.4335	1
855	28.4668	1
856	28.5002	1
857	28.5335	1
858	28.5668	1
859	28.6002	1
860	28.6335	1
861	28.6668	1
862	28.7002	1
863	28.7335	1
864	28.7668	1
865	28.8002	1
866	28.8335	1
867	28.8668	1
868	28.9002	1
869	28.9335	1
870	28.9668	1
871	29.0002	1
872	29.0335	1
873	29.0668	1
874	29.1002	1
875	29.1335	1
876	29.1668	1
877	29.2002	1
878	29.2335	1
879	29.2668	1
880	29.3002	1
881	29.3335	1
882	29.3668	1
883	29.4002	1
884	29.4335	1
885	29.4668	1
886	29.5002	1
887	29.5335	1
888	29.5669	1
889	29.6002	1
890	29.6335	1
891	29.6669	1
892	29.7002	1
893	29.7335	1
894	29.7669	1
895	29.8002	1
896	29.8335	1
897	29.8669	1
898	29.9002	1
899	29.9335	1
900	29.9669	1
901	30.0002	1
902	30.0335	1
903	30.0669	1
904	30.1002	1
905	30.1335	1
906	30.1669	1
907	30.2002	1
908	30.2335	1
909	30.2669	1
910	30.3002	1
911	30.3335	1
912	30.3669	1
913	30.4002	1
914	30.4335	1
915	30.4669	1
916	30.5002	1
917	30.5335	1
918	30.5669	1
919	30.6002	1
920	30.6335	1
921	30.6669	1
922	30.7002	1
923	30.7335	1
924	30.7669	1
925	30.8002	1
926	30.8335	1
927	30.8669	1
928	30.9002	1
929	30.9335	1
930	30.9669	1
931	31.0002	1
932	31.0335	1
933	31.0669	1
934	31.1002	1
935	31.1335	1
936	31.1669	1
937	31.2002	1
938	31.2335	1
939	31.2669	1
940	31.3002	1
941	31.3335	1
942	31.3669	1
943	31.4002	1
944	31.4335	1
945	31.4669	1
946	31.5002	1
947	31.5335	1
948	31.5669	1
949	31.6002	1
950	31.6335	1
951	31.6669	1
952	31.7002	1
953	31.7335	1
954	31.7669	1
955	31.8002	1
956	31.8335	1
957	31.8669	1
958	31.9002	1
959	31.9335	1
960	31.9669	1
961	32.0002	1
962	32.0335	1
963	32.0669	1
964	32.1002	1
965	32.1335	1
966	32.1669	1
967	32.2002	1
968	32.2335	1
969	32.2669	1
970	32.3002	1
971	32.3335	1
972	32.3669	1
973	32.4002	1
974	32.4335	1
975	32.4669	1
976	32.5002	1
977	32.5335	1
978	32.5669	1
979	32.6002	1
980	32.6335	1
981	32.6669	1
982	32.7002	1
983	32.7335	1
984	32.7669	1
985	32.8002	1
986	32.8335	1
987	32.8669	1
988	32.9002	1
989	32.9335	1
990	32.9669	1
991	33.0002	1
992	33.0335	1
993	33.0669	1
994	33.1002	1
995	33.1335	1
996	33.1669	1
997	33.2002	1
998	33.2335	1
999	33.2669	1
1000	33.3002	1
1001	33.3335	1
1002	33.3669	1
1003	33.4002	1
1004	33.4335	1
1005	33.4669	1
1006	33.5002	1
1007	33.5335	1
1008	33.5669	1
1009	33.6002	1
1010	33.6335	1
1011	33.6669	1
1012	33.7002	1
1013	33.7335	1
1014	33.7669	1
1015	33.8002	1
1016	33.8335	1
1017	33.8669	1
1018	33.9002	1
1019	33.9335	1
1020	33.9669	1
1021	34.0002	1
1022	34.0335	1
1023	34.0669	1
1024	34.1002	1
1025	34.1335	1
1026	34.1669	1
1027	34.2002	1
1028	34.2335	1
1029	34.2669	1
1030	34.3002	1
1031	34.3335	1
1032	34.3669	1
1033	34.4002	1
1034	34.4335	1
1035	34.4669	1
1036	34.5002	0
1037	34.5335	0
1038	34.5669	0
1039	34.6002	0
1040	34.6335	0
1041	34.6669	0
1042	34.7002	0
1043	34.7335	0
1044	34.7669	0
1045	34.8002	0
1046	34.8336	0
1047	34.8669	0
1048	34.9002	0
1049	34.9336	0
1050	34.9669	0
1051	35.0002	0
1052	35.0336	0
1053	35.0669	0
1054	35.1002	0
1055	35.1336	0
1056	35.1669	0
1057	35.2002	0
1058	35.2336	0
1059	35.2669	0
1060	35.3002	0
1061	35.3336	0
1062	35.3669	0
1063	35.4002	0
1064	35.4336	0
1065	35.4669	0
1066	35.5002	0
1067	35.5336	0
1068	35.5669	0
1069	35.6002	0
1070	35.6336	0
1071	35.6669	0
1072	35.7002	0
1073	35.7336	0
1074	35.7669	0
1075	35.8002	0
1076	35.8336	0
1077	35.8669	0
1078	35.9002	0
1079	35.9336	0
1080	35.9669	0
1081	36.0002	0
1082	36.0336	0
1083	36.0669	0
1084	36.1002	0
1085	36.1336	0
1086	36.1669	0
1087	36.2002	0
1088	36.2336	0
1089	36.2669	0
1090	36.3002	0
1091	36.3336	0
1092	36.3669	0
1093	36.4002	0
1094	36.4336	0
1095	36.4669	0
1096	36.5002	0
1097	36.5336	0
1098	36.5669	0
1099	36.6002	0
1100	36.6336	0
1101	36.6669	0
1102	36.7002	0
1103	36.7336	0
1104	36.7669	0
1105	36.8002	0
1106	36.8336	0
1107	36.8669	0
1108	36.9002	0
1109	36.9336	0
1110	36.9669	0
1111	37.0002	0
1112	37.0336	0
1113	37.0669	0
1114	37.1002	0
1115	37.1336	0
1116	37.1669	0
1117	37.2002	0
1118	37.2336	0
1119	37.2669	0
1120	37.3002	0
1121	37.3336	0
1122	37.3669	0
1123	37.4002	0
1124	37.4336	0
1125	37.4669	0
1126	37.5002	0
1127	37.5336	0
1128	37.5669	0
1129	37.6002	0
1130	37.6336	0
1131	37.6669	0
1132	37.7002	0
1133	37.7336	0
1134	37.7669	0
1135	37.8002	0
1136	37.8336	0
1137	37.8669	0
1138	37.9002	0
1139	37.9336	0
1140	37.9669	0
1141	38.0002	0
1142	38.0336	0
1143	38.0669	0
1144	38.1002	0
1145	38.1336	0
1146	38.1669	0
1147	38.2002	0
1148	38.2336	0
1149	38.2669	0
1150	38.3002	0
1151	38.3336	0
1152	38.3669	0
1153	38.4002	0
1154	38.4336	0
1155	38.4669	0
1156	38.5002	0
1157	38.5336	0
1158	38.5669	0
1159	38.6002	0
1160	38.6336	0
1161	38.6669	0
1162	38.7002	0
1163	38.7336	0
1164	38.7669	0
1165	38.8002	0
1166	38.8336	0
1167	38.8669	0
1168	38.9002	1
1169	38.9336	1
1170	38.9669	1
1171	39.0002	1
1172	39.0336	1
1173	39.0669	1
1174	39.1002	1
1175	39.1336	1
1176	39.1669	1
1177	39.2002	1
1178	39.2336	1
1179	39.2669	1
1180	39.3002	1
1181	39.3336	1
1182	39.3669	1
1183	39.4002	1
1184	39.4336	1
1185	39.4669	1
1186	39.5002	1
1187	39.5336	1
1188	39.5669	0
1189	39.6002	0
1190	39.6336	0
1191	39.6669	0
1192	39.7002	0
1193	39.7336	0
1194	39.7669	0
1195	39.8002	0
1196	39.8336	0
1197	39.8669	0
1198	39.9002	0
1199	39.9336	0
1200	39.9669	0
1201	40.0002	0
1202	40.0336	0
1203	40.0669	0
1204	40.1002	0
1205	40.1336	0
1206	40.1669	0
1207	40.2003	0
1208	40.2336	0
1209	40.2669	0
1210	40.3003	0
1211	40.3336	0
1212	40.3669	0
1213	40.4003	0
1214	40.4336	0
1215	40.4669	0
1216	40.5003	0
1217	40.5336	0
1218	40.5669	0
1219	40.6003	0
1220	40.6336	1
1221	40.6669	1
1222	40.7003	1
1223	40.7336	1
1224	40.7669	1
1225	40.8003	1
1226	40.8336	1
1227	40.8669	1
1228	40.9003	1
1229	40.9336	1
1230	40.9669	1
1231	41.0003	1
1232	41.0336	1
1233	41.0669	1
1234	41.1003	1
1235	41.1336	1
1236	41.1669	1
1237	41.2003	1
1238	41.2336	1
1239	41.2669	1
1240	41.3003	1
1241	41.3336	1
1242	41.3669	1
1243	41.4003	1
1244	41.4336	1
1245	41.4669	1
1246	41.5003	1
1247	41.5336	1
1248	41.5669	1
1249	41.6003	1
1250	41.6336	1
1251	41.6669	1
1252	41.7003	1
1253	41.7336	1
1254	41.7669	1
1255	41.8003	1
1256	41.8336	1
1257	41.8669	1
1258	41.9003	1
1259	41.9336	1
1260	41.9669	1
1261	42.0003	1
1262	42.0336	1
1263	42.0669	1
1264	42.1003	1
1265	42.1336	1
1266	42.1669	1
1267	42.2003	1
1268	42.2336	1
1269	42.2669	1
1270	42.3003	1
1271	42.3336	1
1272	42.3669	1
1273	42.4003	1
1274	42.4336	1
1275	42.4669	1
1276	42.5003	1
1277	42.5336	1
1278	42.5669	1
1279	42.6003	1
1280	42.6336	1
1281	42.6669	1
1282	42.7003	1
1283	42.7336	1
1284	42.7669	1
1285	42.8003	1
1286	42.8336	1
1287	42.8669	1
1288	42.9003	1
1289	42.9336	1
1290	42.9669	1
1291	43.0003	1
1292	43.0336	1
1293	43.0669	1
1294	43.1003	1
1295	43.1336	1
1296	43.1669	1
1297	43.2003	1
1298	43.2336	1
1299	43.2669	1
1300	43.3003	1
1301	43.3336	1
1302	43.3669	1
1303	43.4003	1
1304	43.4336	1
1305	43.4669	1
1306	43.5003	1
1307	43.5336	1
1308	43.5669	1
1309	43.6003	1
1310	43.6336	1
1311	43.6669	1
1312	43.7003	1
1313	43.7336	1
1314	43.7669	1
1315	43.8003	1
1316	43.8336	1
1317	43.8669	1
1318	43.9003	1
1319	43.9336	1
1320	43.9669	1
1321	44.0003	1
1322	44.0336	1
1323	44.0669	1
1324	44.1003	1
1325	44.1336	1
1326	44.1669	1
1327	44.2003	1
1328	44.2336	1
1329	44.2669	1
1330	44.3003	1
1331	44.3336	0
1332	44.3669	0
1333	44.4003	0
1334	44.4336	0
1335	44.4669	0
1336	44.5003	0
1337	44.5336	0
1338	44.5669	0
1339	44.6003	0
1340	44.6336	0
1341	44.6669	0
1342	44.7003	0
1343	44.7336	0
1344	44.7669	0
1345	44.8003	0
1346	44.8336	0
1347	44.8669	0
1348	44.9003	0
1349	44.9336	0
1350	44.9669	0
1351	45.0003	0
1352	45.0336	0
1353	45.0669	0
1354	45.1003	0
1355	45.1336	0
1356	45.1669	0
1357	45.2003	0
1358	45.2336	0
1359	45.2669	0
1360	45.3003	0
1361	45.3336	0
1362	45.3669	0
1363	45.4003	0
1364	45.4336	0
1365	45.4669	0
1366	45.5003	0
1367	45.5336	0
1368	45.5670	0
1369	45.6003	0
1370	45.6336	0
1371	45.6670	0
1372	45.7003	0
1373	45.7336	0
1374	45.7670	0
1375	45.8003	0
1376	45.8336	0
1377	45.8670	0
1378	45.9003	0
1379	45.9336	0
1380	45.9670	0
1381	46.0003	0
1382	46.0336	0
1383	46.0670	0
1384	46.1003	0
1385	46.1336	0
1386	46.1670	0
1387	46.2003	0
1388	46.2336	0
1389	46.2670	0
1390	46.3003	0
1391	46.3336	0
1392	46.3670	0
1393	46.4003	0
1394	46.4336	0
1395	46.4670	0
1396	46.5003	0
1397	46.5336	0
1398	46.5670	0
1399	46.6003	0
1400	46.6336	0
1401	46.6670	0
1402	46.7003	0
1403	46.7336	0
1404	46.7670	0
1405	46.8003	0
1406	46.8336	0
1407	46.8670	0
1408	46.9003	0
1409	46.9336	0
1410	46.9670	0
1411	47.0003	0
1412	47.0336	0
1413	47.0670	0
1414	47.1003	0
1415	47.1336	0
1416	47.1670	0
1417	47.2003	0
1418	47.2336	0
1419	47.2670	0
1420	47.3003	0
1421	47.3336	0
1422	47.3670	1
1423	47.4003	1
1424	47.4336	1
1425	47.4670	1
1426	47.5003	1
1427	47.5336	1
1428	47.5670	1
1429	47.6003	1
1430	47.6336	1
1431	47.6670	1
1432	47.7003	1
1433	47.7336	0
1434	47.7670	0
1435	47.8003	0
1436	47.8336	0
1437	47.8670	0
1438	47.9003	0
1439	47.9336	0
1440	47.9670	0
1441	48.0003	0
1442	48.0336	0
1443	48.0670	0
1444	48.1003	0
1445	48.1336	0
1446	48.1670	0
1447	48.2003	0
1448	48.2336	0
1449	48.2670	0
1450	48.3003	0
1451	48.3336	0
1452	48.3670	0
1453	48.4003	0
1454	48.4336	0
1455	48.4670	0
1456	48.5003	0
1457	48.5336	0
1458	48.5670	0
1459	48.6003	0
1460	48.6336	0
1461	48.6670	0
1462	48.7003	0
1463	48.7336	0
1464	48.7670	0
1465	48.8003	0
1466	48.8336	0
1467	48.8670	0
1468	48.9003	0
1469	48.9336	0
1470	48.9670	0
1471	49.0003	0
1472	49.0336	0
1473	49.0670	0
1474	49.1003	0
1475	49.1336	0
1476	49.1670	0
1477	49.2003	0
1478	49.2336	0
1479	49.2670	0
1480	49.3003	0
1481	49.3336	0
1482	49.3670	0
1483	49.4003	0
1484	49.4336	0
1485	49.4670	0
1486	49.5003	0
1487	49.5336	0
1488	49.5670	0
1489	49.6003	0
1490	49.6336	0
1491	49.6670	0
1492	49.7003	0
1493	49.7336	0
1494	49.7670	0
1495	49.8003	0
1496	49.8336	0
1497	49.8670	0
1498	49.9003	0
1499	49.9336	0
1500	49.9670	0
1501	50.0003	0
1502	50.0336	0
1503	50.0670	0
1504	50.1003	0
1505	50.1336	0
1506	50.1670	0
1507	50.2003	0
1508	50.2336	0
1509	50.2670	0
1510	50.3003	0
1511	50.3336	0
1512	50.3670	0
1513	50.4003	0
1514	50.4336	0
1515	50.4670	0
1516	50.5003	0
1517	50.5336	0
1518	50.5670	0
1519	50.6003	0
1520	50.6336	0
1521	50.6670	0
1522	50.7003	0
1523	50.7336	0
1524	50.7670	0
1525	50.8003	0
1526	50.8336	0
1527	50.8670	0
1528	50.9003	0
1529	50.9337	0
1530	50.9670	0
1531	51.0003	0
1532	51.0337	0
1533	51.0670	0
1534	51.1003	0
1535	51.1337	0
1536	51.1670	0
1537	51.2003	0
1538	51.2337	0
1539	51.2670	0
1540	51.3003	0
1541	51.3337	0
1542	51.3670	0
1543	51.4003	0
1544	51.4337	0
1545	51.4670	0
1546	51.5003	0
1547	51.5337	0
1548	51.5670	0
1549	51.6003	0
1550	51.6337	0
1551	51.6670	0
1552	51.7003	0
1553	51.7337	0
1554	51.7670	0
1555	51.8003	0
1556	51.8337	0
1557	51.8670	0
1558	51.9003	0
1559	51.9337	0
1560	51.9670	0
1561	52.0003	0
1562	52.0337	0
1563	52.0670	0
1564	52.1003	0
1565	52.1337	0
1566	52.1670	0
1567	52.2003	0
1568	52.2337	0
1569	52.2670	0
1570	52.3003	0
1571	52.3337	0
1572	52.3670	0
1573	52.4003	0
1574	52.4337	0
1575	52.4670	0
1576	52.5003	0
1577	52.5337	0
1578	52.5670	0
1579	52.6003	0
1580	52.6337	0
1581	52.6670	0
1582	52.7003	0
1583	52.7337	0
1584	52.7670	0
1585	52.8003	0
1586	52.8337	0
1587	52.8670	0
1588	52.9003	0
1589	52.9337	0
1590	52.9670	0
1591	53.0003	0
1592	53.0337	0
1593	53.0670	0
1594	53.1003	0
1595	53.1337	0
1596	53.1670	0
1597	53.2003	0
1598	53.2337	0
1599	53.2670	0
1600	53.3003	0
1601	53.3337	0
1602	53.3670	0
1603	53.4003	0
1604	53.4337	0
1605	53.4670	0
1606	53.5003	0
1607	53.5337	0
1608	53.5670	0
1609	53.6003	0
1610	53.6337	0
1611	53.6670	0
1612	53.7003	0
1613	53.7337	0
1614	53.7670	0
1615	53.8003	0
1616	53.8337	0
1617	53.8670	0
1618	53.9003	0
1619	53.9337	0
1620	53.9670	0
1621	54.0003	0
1622	54.0337	0
1623	54.0670	0
1624	54.1003	0
1625	54.1337	0
1626	54.1670	0
1627	54.2003	0
1628	54.2337	1
1629	54.2670	1
1630	54.3003	1
1631	54.3337	1
1632	54.3670	1
1633	54.4003	1
1634	54.4337	1
1635	54.4670	1
1636	54.5003	1
1637	54.5337	1
1638	54.5670	1
1639	54.6003	1
1640	54.6337	1
1641	54.6670	1
1642	54.7003	1
1643	54.7337	1
1644	54.7670	1
1645	54.8003	1
1646	54.8337	1
1647	54.8670	1
1648	54.9003	1
1649	54.9337	1
1650	54.9670	1
1651	55.0003	1
1652	55.0337	1
1653	55.0670	1
1654	55.1003	1
1655	55.1337	1
1656	55.1670	1
1657	55.2003	1
1658	55.2337	1
1659	55.2670	1
1660	55.3003	1
1661	55.3337	1
1662	55.3670	1
1663	55.4003	1
1664	55.4337	1
1665	55.4670	1
1666	55.5003	1
1667	55.5337	1
1668	55.5670	1
1669	55.6003	1
1670	55.6337	1
1671	55.6670	1
1672	55.7003	1
1673	55.7337	1
1674	55.7670	1
1675	55.8003	1
1676	55.8337	1
1677	55.8670	1
1678	55.9003	1
1679	55.9337	1
1680	55.9670	1
1681	56.0003	1
1682	56.0337	1
1683	56.0670	1
1684	56.1003	1
1685	56.1337	1
1686	56.1670	1
1687	56.2003	1
1688	56.2337	1
1689	56.2670	1
1690	56.3004	1
1691	56.3337	1
1692	56.3670	1
1693	56.4004	1
1694	56.4337	1
1695	56.4670	1
1696	56.5004	1
1697	56.5337	1
1698	56.5670	1
1699	56.6004	0
1700	56.6337	0
1701	56.6670	0
1702	56.7004	0
1703	56.7337	0
1704	56.7670	0
1705	56.8004	0
1706	56.8337	0
1707	56.8670	0
1708	56.9004	0
1709	56.9337	0
1710	56.9670	0
1711	57.0004	0
1712	57.0337	0
1713	57.0670	0
1714	57.1004	0
1715	57.1337	0
1716	57.1670	0
1717	57.2004	0
1718	57.2337	0
1719	57.2670	0
1720	57.3004	0
1721	57.3337	0
1722	57.3670	0
1723	57.4004	0
1724	57.4337	0
1725	57.4670	0
1726	57.5004	0
1727	57.5337	0
1728	57.5670	0
1729	57.6004	0
1730	57.6337	0
1731	57.6670	0
1732	57.7004	0
1733	57.7337	0
1734	57.7670	0
1735	57.8004	0
1736	57.8337	0
1737	57.8670	0
1738	57.9004	0
1739	57.9337	0
1740	57.9670	0
1741	58.0004	0
1742	58.0337	0
1743	58.0670	0
1744	58.1004	0
1745	58.1337	0
1746	58.1670	0
1747	58.2004	0
1748	58.2337	0
1749	58.2670	0
1750	58.3004	0
1751	58.3337	0
1752	58.3670	0
1753	58.4004	0
1754	58.4337	0
1755	58.4670	0
1756	58.5004	0
1757	58.5337	0
1758	58.5670	0
1759	58.6004	0
1760	58.6337	0
1761	58.6670	0
1762	58.7004	0
1763	58.7337	0
1764	58.7670	0
1765	58.8004	0
1766	58.8337	0
1767	58.8670	0
1768	58.9004	0
1769	58.9337	0
1770	58.9670	0
1771	59.0004	0
1772	59.0337	0
1773	59.0670	0
1774	59.1004	0
1775	59.1337	0
1776	59.1670	0
1777	59.2004	0
1778	59.2337	0
1779	59.2670	0
1780	59.3004	0
1781	59.3337	0
1782	59.3670	0
1783	59.4004	0
1784	59.4337	0
1785	59.4670	0
1786	59.5004	0
1787	59.5337	0
1788	59.5670	0
1789	59.6004	0
1790	59.6337	0
1791	59.6670	0
1792	59.7004	0
1793	59.7337	0
1794	59.7670	0
1795	59.8004	0
1796	59.8337	0
1797	59.8670	0
1798	59.9004	0
1799	59.9337	0
1800	59.9670	0
1801	60.0004	0
1802	60.0337	0
1803	60.0670	0
1804	60.1004	0
1805	60.1337	0
1806	60.1670	0
1807	60.2004	0
1808	60.2337	0
1809	60.2670	0
1810	60.3004	0
1811	60.3337	0
1812	60.3670	0
1813	60.4004	0
1814	60.4337	0
1815	60.4670	0
1816	60.5004	0
1817	60.5337	0
1818	60.5670	0
1819	60.6004	0
1820	60.6337	0
1821	60.6670	0
1822	60.7004	0
1823	60.7337	0
1824	60.7670	0
1825	60.8004	0
1826	60.8337	0
1827	60.8670	0
1828	60.9004	0
1829	60.9337	0
1830	60.9670	0
1831	61.0004	0
1832	61.0337	0
1833	61.0670	0
1834	61.1004	0
1835	61.1337	0
1836	61.1670	0
1837	61.2004	0
1838	61.2337	0
1839	61.2670	0
1840	61.3004	0
1841	61.3337	0
1842	61.3670	0
1843	61.4004	0
1844	61.4337	0
1845	61.4670	0
1846	61.5004	0
1847	61.5337	0
1848	61.5670	0
1849	61.6004	0
1850	61.6337	0
1851	61.6671	0
1852	61.7004	0
1853	61.7337	0
1854	61.7671	0
1855	61.8004	0
1856	61.8337	0
1857	61.8671	0
1858	61.9004	0
1859	61.9337	0
1860	61.9671	0
1861	62.0004	0
1862	62.0337	0
1863	62.0671	0
1864	62.1004	0
1865	62.1337	0
1866	62.1671	0
1867	62.2004	0
1868	62.2337	1
1869	62.2671	1
1870	62.3004	1
1871	62.3337	1
1872	62.3671	1
1873	62.4004	1
1874	62.4337	1
1875	62.4671	1
1876	62.5004	1
1877	62.5337	1
1878	62.5671	1
1879	62.6004	1
1880	62.6337	1
1881	62.6671	1
1882	62.7004	1
1883	62.7337	1
1884	62.7671	1
1885	62.8004	1
1886	62.8337	1
1887	62.8671	1
1888	62.9004	1
1889	62.9337	1
1890	62.9671	1
1891	63.0004	1
1892	63.0337	1
1893	63.0671	1
1894	63.1004	1
1895	63.1337	1
1896	63.1671	1
1897	63.2004	1
1898	63.2337	0
1899	63.2671	0
1900	63.3004	0
1901	63.3337	0
1902	63.3671	0
1903	63.4004	0
1904	63.4337	0
1905	63.4671	0
1906	63.5004	0
1907	63.5337	0
1908	63.5671	0
1909	63.6004	0
1910	63.6337	0
1911	63.6671	0
1912	63.7004	0
1913	63.7337	0
1914	63.7671	0
1915	63.8004	0
1916	63.8337	0
1917	63.8671	0
1918	63.9004	0
1919	63.9337	0
1920	63.9671	0
1921	64.0004	0
1922	64.0337	0
1923	64.0671	0
1924	64.1004	0
1925	64.1337	0
1926	64.1671	0
1927	64.2004	0
1928	64.2337	0
1929	64.2671	0
1930	64.3004	0
1931	64.3337	0
1932	64.3671	0
1933	64.4004	0
1934	64.4337	0
1935	64.4671	0
1936	64.5004	0
1937	64.5337	0
1938	64.5671	0
1939	64.6004	0
1940	64.6337	0
1941	64.6671	0
1942	64.7004	0
1943	64.7337	0
1944	64.7671	0
1945	64.8004	0
1946	64.8337	0
1947	64.8671	0
1948	64.9004	0
1949	64.9337	0
1950	64.9671	0
1951	65.0004	0
1952	65.0337	0
1953	65.0671	0
1954	65.1004	0
1955	65.1337	0
1956	65.1671	0
1957	65.2004	0
1958	65.2337	0
1959	65.2671	0
1960	65.3004	0
1961	65.3337	0
1962	65.3671	0
1963	65.4004	0
1964	65.4337	0
1965	65.4671	0
1966	65.5004	0
1967	65.5337	0
1968	65.5671	0
1969	65.6004	0
1970	65.6337	0
1971	65.6671	0
1972	65.7004	0
1973	65.7337	0
1974	65.7671	0
1975	65.8004	0
1976	65.8337	0
1977	65.8671	0
1978	65.9004	0
1979	65.9337	0
1980	65.9671	0
1981	66.0004	0
1982	66.0337	0
1983	66.0671	0
1984	66.1004	0
1985	66.1337	1
1986	66.1671	1
1987	66.2004	1
1988	66.2337	1
1989	66.2671	1
1990	66.3004	1
1991	66.3337	1
1992	66.3671	1
1993	66.4004	1
1994	66.4337	1
1995	66.4671	1
1996	66.5004	1
1997	66.5337	1
1998	66.5671	1
1999	66.6004	1
2000	66.6337	1
2001	66.6671	1
2002	66.7004	1
2003	66.7337	1
2004	66.7671	1
2005	66.8004	1
2006	66.8337	1
2007	66.8671	1
2008	66.9004	1
2009	66.9337	1
2010	66.9671	1
2011	67.0004	1
2012	67.0338	1
2013	67.0671	1
2014	67.1004	1
2015	67.1338	1
2016	67.1671	1
2017	67.2004	1
2018	67.2338	1
2019	67.2671	1
2020	67.3004	1
2021	67.3338	1
2022	67.3671	1
2023	67.4004	1
2024	67.4338	1
2025	67.4671	1
2026	67.5004	1
2027	67.5338	1
2028	67.5671	1
2029	67.6004	1
2030	67.6338	1
2031	67.6671	1
2032	67.7004	1
2033	67.7338	1
2034	67.7671	1
2035	67.8004	1
2036	67.8338	1
2037	67.8671	1
2038	67.9004	1
2039	67.9338	1
2040	67.9671	1
2041	68.0004	1
2042	68.0338	1
2043	68.0671	1
2044	68.1004	1
2045	68.1338	1
2046	68.1671	1
2047	68.2004	0
2048	68.2338	0
2049	68.2671	0
2050	68.3004	0
2051	68.3338	0
2052	68.3671	0
2053	68.4004	0
2054	68.4338	0
2055	68.4671	0
2056	68.5004	0
2057	68.5338	0
2058	68.5671	0
2059	68.6004	1
2060	68.6338	1
2061	68.6671	1
2062	68.7004	1
2063	68.7338	1
2064	68.7671	1
2065	68.8004	1
2066	68.8338	1
2067	68.8671	1
2068	68.9004	1
2069	68.9338	1
2070	68.9671	1
2071	69.0004	1
2072	69.0338	1
2073	69.0671	1
2074	69.1004	1
2075	69.1338	1
2076	69.1671	1
2077	69.2004	1
2078	69.2338	1
2079	69.2671	1
2080	69.3004	1
2081	69.3338	1
2082	69.3671	1
2083	69.4004	1
2084	69.4338	1
2085	69.4671	1
2086	69.5004	1
2087	69.5338	1
2088	69.5671	1
2089	69.6004	1
2090	69.6338	1
2091	69.6671	1
2092	69.7004	1
2093	69.7338	1
2094	69.7671	1
2095	69.8004	1
2096	69.8338	1
2097	69.8671	1
2098	69.9004	1
2099	69.9338	1
2100	69.9671	1
2101	70.0004	1
2102	70.0338	1
2103	70.0671	1
2104	70.1004	1
2105	70.1338	1
2106	70.1671	1
2107	70.2004	1
2108	70.2338	1
2109	70.2671	1
2110	70.3004	1
2111	70.3338	1
2112	70.3671	1
2113	70.4004	1
2114	70.4338	1
2115	70.4671	1
2116	70.5004	1
2117	70.5338	1
2118	70.5671	1
2119	70.6004	1
2120	70.6338	1
2121	70.6671	1
2122	70.7004	1
2123	70.7338	1
2124	70.7671	1
2125	70.8004	1
2126	70.8338	1
2127	70.8671	1
2128	70.9004	1
2129	70.9338	1
2130	70.9671	1
2131	71.0004	1
2132	71.0338	1
2133	71.0671	1
2134	71.1004	1
2135	71.1338	1
2136	71.1671	1
2137	71.2004	1
2138	71.2338	1
2139	71.2671	1
2140	71.3004	1
2141	71.3338	1
2142	71.3671	1
2143	71.4004	1
2144	71.4338	1
2145	71.4671	1
2146	71.5004	1
2147	71.5338	1
2148	71.5671	1
2149	71.6004	1
2150	71.6338	1
2151	71.6671	1
2152	71.7004	1
2153	71.7338	1
2154	71.7671	1
2155	71.8004	1
2156	71.8338	1
2157	71.8671	1
2158	71.9004	1
2159	71.9338	1
2160	71.9671	1
2161	72.0004	1
2162	72.0338	1
2163	72.0671	1
2164	72.1004	1
2165	72.1338	1
2166	72.1671	1
2167	72.2004	1
2168	72.2338	1
2169	72.2671	1
2170	72.3004	1
2171	72.3338	1
2172	72.3671	1
2173	72.4005	1
2174	72.4338	1
2175	72.4671	1
2176	72.5005	1
2177	72.5338	1
2178	72.5671	1
2179	72.6005	1
2180	72.6338	1
2181	72.6671	1
2182	72.7005	1
2183	72.7338	1
2184	72.7671	1
2185	72.8005	1
2186	72.8338	1
2187	72.8671	1
2188	72.9005	1
2189	72.9338	1
2190	72.9671	1
2191	73.0005	1
2192	73.0338	1
2193	73.0671	1
2194	73.1005	1
2195	73.1338	1
2196	73.1671	1
2197	73.2005	1
2198	73.2338	1
2199	73.2671	1
2200	73.3005	1
2201	73.3338	1
2202	73.3671	1
2203	73.4005	1
2204	73.4338	1
2205	73.4671	1
2206	73.5005	1
2207	73.5338	1
2208	73.5671	1
2209	73.6005	1
2210	73.6338	1
2211	73.6671	1
2212	73.7005	1
2213	73.7338	1
2214	73.7671	1
2215	73.8005	1
2216	73.8338	1
2217	73.8671	1
2218	73.9005	1
2219	73.9338	1
2220	73.9671	1
2221	74.0005	1
2222	74.0338	1
2223	74.0671	1
2224	74.1005	1
2225	74.1338	1
2226	74.1671	1
2227	74.2005	1
2228	74.2338	1
2229	74.2671	1
2230	74.3005	1
2231	74.3338	1
2232	74.3671	1
2233	74.4005	1
2234	74.4338	1
2235	74.4671	1
2236	74.5005	1
2237	74.5338	1
2238	74.5671	1
2239	74.6005	1
2240	74.6338	1
2241	74.6671	1
2242	74.7005	1
2243	74.7338	1
2244	74.7671	1
2245	74.8005	1
2246	74.8338	1
2247	74.8671	1
2248	74.9005	1
2249	74.9338	1
2250	74.9671	1
2251	75.0005	1
2252	75.0338	1
2253	75.0671	1
2254	75.1005	1
2255	75.1338	1
2256	75.1671	1
2257	75.2005	1
2258	75.2338	1
2259	75.2671	1
2260	75.3005	1
2261	75.3338	1
2262	75.3671	1
2263	75.4005	1
2264	75.4338	1
2265	75.4671	1
2266	75.5005	1
2267	75.5338	1
2268	75.5671	1
2269	75.6005	1
2270	75.6338	1
2271	75.6671	1
2272	75.7005	1
2273	75.7338	1
2274	75.7671	1
2275	75.8005	1
2276	75.8338	1
2277	75.8671	1
2278	75.9005	1
2279	75.9338	1
2280	75.9671	1
2281	76.0005	1
2282	76.0338	1
2283	76.0671	1
2284	76.1005	1
2285	76.1338	1
2286	76.1671	1
2287	76.2005	1
2288	76.2338	1
2289	76.2671	1
2290	76.3005	1
2291	76.3338	1
2292	76.3671	1
2293	76.4005	1
2294	76.4338	1
2295	76.4671	1
2296	76.5005	1
2297	76.5338	1
2298	76.5671	1
2299	76.6005	1
2300	76.6338	1
2301	76.6671	1
2302	76.7005	1
2303	76.7338	1
2304	76.7671	1
2305	76.8005	1
2306	76.8338	1
2307	76.8671	1
2308	76.9005	1
2309	76.9338	1
2310	76.9671	1
2311	77.0005	1
2312	77.0338	1
2313	77.0671	1
2314	77.1005	1
2315	77.1338	1
2316	77.1671	1
2317	77.2005	1
2318	77.2338	1
2319	77.2671	1
2320	77.3005	1
2321	77.3338	1
2322	77.3671	1
2323	77.4005	1
2324	77.4338	1
2325	77.4671	1
2326	77.5005	1
2327	77.5338	1
2328	77.5671	1
2329	77.6005	1
2330	77.6338	1
2331	77.6671	1
2332	77.7005	1
2333	77.7338	1
2334	77.7672	1
2335	77.8005	1
2336	77.8338	1
2337	77.8672	1
2338	77.9005	1
2339	77.9338	1
2340	77.9672	1
2341	78.0005	1
2342	78.0338	1
2343	78.0672	1
2344	78.1005	1
2345	78.1338	1
2346	78.1672	1
2347	78.2005	1
2348	78.2338	1
2349	78.2672	1
2350	78.3005	1
2351	78.3338	1
2352	78.3672	1
2353	78.4005	1
2354	78.4338	1
2355	78.4672	1
2356	78.5005	1
2357	78.5338	1
2358	78.5672	1
2359	78.6005	1
2360	78.6338	0
2361	78.6672	0
2362	78.7005	0
2363	78.7338	0
2364	78.7672	0
2365	78.8005	0
2366	78.8338	0
2367	78.8672	0
2368	78.9005	0
2369	78.9338	0
2370	78.9672	0
2371	79.0005	0
2372	79.0338	0
2373	79.0672	0
2374	79.1005	0
2375	79.1338	0
2376	79.1672	0
2377	79.2005	0
2378	79.2338	0
2379	79.2672	0
2380	79.3005	0
2381	79.3338	0
2382	79.3672	0
2383	79.4005	0
2384	79.4338	0
2385	79.4672	0
2386	79.5005	0
2387	79.5338	0
2388	79.5672	0
2389	79.6005	0
2390	79.6338	0
2391	79.6672	0
2392	79.7005	0
2393	79.7338	0
2394	79.7672	0
2395	79.8005	0
2396	79.8338	0
2397	79.8672	0
2398	79.9005	0
2399	79.9338	0
2400	79.9672	0
2401	80.0005	0
2402	80.0338	0
2403	80.0672	0
2404	80.1005	0
2405	80.1338	0
2406	80.1672	0
2407	80.2005	0
2408	80.2338	0
2409	80.2672	0
2410	80.3005	0
2411	80.3338	0
2412	80.3672	0
2413	80.4005	0
2414	80.4338	1
2415	80.4672	1
2416	80.5005	1
2417	80.5338	1
2418	80.5672	1
2419	80.6005	1
2420	80.6338	1
2421	80.6672	1
2422	80.7005	1
2423	80.7338	1
2424	80.7672	1
2425	80.8005	1
2426	80.8338	1
2427	80.8672	1
2428	80.9005	1
2429	80.9338	1
2430	80.9672	1
2431	81.0005	1
2432	81.0338	1
2433	81.0672	1
2434	81.1005	1
2435	81.1338	1
2436	81.1672	1
2437	81.2005	1
2438	81.2338	1
2439	81.2672	1
2440	81.3005	1
2441	81.3338	1
2442	81.3672	1
2443	81.4005	1
2444	81.4338	1
2445	81.4672	1
2446	81.5005	1
2447	81.5338	1
2448	81.5672	1
2449	81.6005	1
2450	81.6338	1
2451	81.6672	1
2452	81.7005	1
2453	81.7338	1
2454	81.7672	1
2455	81.8005	1
2456	81.8338	1
2457	81.8672	1
2458	81.9005	1
2459	81.9338	1
2460	81.9672	1
2461	82.0005	1
2462	82.0338	0
2463	82.0672	0
2464	82.1005	0
2465	82.1338	0
2466	82.1672	0
2467	82.2005	0
2468	82.2338	0
2469	82.2672	0
2470	82.3005	0
2471	82.3338	0
2472	82.3672	0
2473	82.4005	0
2474	82.4338	0
2475	82.4672	0
2476	82.5005	0
2477	82.5338	0
2478	82.5672	0
2479	82.6005	0
2480	82.6338	0
2481	82.6672	0
2482	82.7005	0
2483	82.7338	1
2484	82.7672	1
2485	82.8005	1
2486	82.8338	1
2487	82.8672	1
2488	82.9005	1
2489	82.9338	1
2490	82.9672	1
2491	83.0005	1
2492	83.0338	1
2493	83.0672	1
2494	83.1005	1
2495	83.1339	1
2496	83.1672	1
2497	83.2005	1
2498	83.2339	1
2499	83.2672	1
2500	83.3005	1
2501	83.3339	1
2502	83.3672	1
2503	83.4005	1
2504	83.4339	1
2505	83.4672	1
2506	83.5005	1
2507	83.5339	1
2508	83.5672	1
2509	83.6005	1
2510	83.6339	1
2511	83.6672	1
2512	83.7005	1
2513	83.7339	1
2514	83.7672	1
2515	83.8005	1
2516	83.8339	1
2517	83.8672	1
2518	83.9005	1
2519	83.9339	1
2520	83.9672	1
2521	84.0005	1
2522	84.0339	1
2523	84.0672	1
2524	84.1005	1
2525	84.1339	1
2526	84.1672	1
2527	84.2005	1
2528	84.2339	1
2529	84.2672	1
2530	84.3005	1
2531	84.3339	1
2532	84.3672	1
2533	84.4005	1
2534	84.4339	1
2535	84.4672	1
2536	84.5005	1
2537	84.5339	1
2538	84.5672	1
2539	84.6005	1
2540	84.6339	1
2541	84.6672	1
2542	84.7005	1
2543	84.7339	1
2544	84.7672	1
2545	84.8005	1
2546	84.8339	1
2547	84.8672	1
2548	84.9005	1
2549	84.9339	1
2550	84.9672	1
2551	85.0005	1
2552	85.0339	1
2553	85.0672	1
2554	85.1005	1
2555	85.1339	1
2556	85.1672	1
2557	85.2005	1
2558	85.2339	1
2559	85.2672	1
2560	85.3005	1
2561	85.3339	1
2562	85.3672	1
2563	85.4005	1
2564	85.4339	1
2565	85.4672	1
2566	85.5005	1
2567	85.5339	1
2568	85.5672	1
2569	85.6005	1
2570	85.6339	1
2571	85.6672	1
2572	85.7005	1
2573	85.7339	1
2574	85.7672	1
2575	85.8005	1
2576	85.8339	1
2577	85.8672	1
2578	85.9005	1
2579	85.9339	1
2580	85.9672	1
2581	86.0005	1
2582	86.0339	1
2583	86.0672	1
2584	86.1005	1
2585	86.1339	1
2586	86.1672	1
2587	86.2005	1
2588	86.2339	1
2589	86.2672	1
2590	86.3005	1
2591	86.3339	1
2592	86.3672	1
2593	86.4005	1
2594	86.4339	1
2595	86.4672	1
2596	86.5005	1
2597	86.5339	1
2598	86.5672	1
2599	86.6005	1
2600	86.6339	1
2601	86.6672	1
2602	86.7005	1
2603	86.7339	1
2604	86.7672	1
2605	86.8005	1
2606	86.8339	1
2607	86.8672	1
2608	86.9005	1
2609	86.9339	1
2610	86.9672	1
2611	87.0005	1
2612	87.0339	1
2613	87.0672	1
2614	87.1005	1
2615	87.1339	1
2616	87.1672	1
2617	87.2005	0
2618	87.2339	0
2619	87.2672	0
2620	87.3005	0
2621	87.3339	0
2622	87.3672	0
2623	87.4005	0
2624	87.4339	0
2625	87.4672	0
2626	87.5005	0
2627	87.5339	0
2628	87.5672	0
2629	87.6005	0
2630	87.6339	0
2631	87.6672	0
2632	87.7005	0
2633	87.7339	0
2634	87.7672	0
2635	87.8005	0
2636	87.8339	0
2637	87.8672	0
2638	87.9005	0
2639	87.9339	0
2640	87.9672	0
2641	88.0005	0
2642	88.0339	0
2643	88.0672	0
2644	88.1005	0
2645	88.1339	0
2646	88.1672	0
2647	88.2005	0
2648	88.2339	1
2649	88.2672	1
2650	88.3005	1
2651	88.3339	1
2652	88.3672	1
2653	88.4005	1
2654	88.4339	1
2655	88.4672	1
2656	88.5006	1
2657	88.5339	1
2658	88.5672	1
2659	88.6006	1
2660	88.6339	1
2661	88.6672	1
2662	88.7006	1
2663	88.7339	1
2664	88.7672	1
2665	88.8006	1
2666	88.8339	1
2667	88.8672	1
2668	88.9006	1
2669	88.9339	1
2670	88.9672	1
2671	89.0006	1
2672	89.0339	1
2673	89.0672	1
2674	89.1006	1
2675	89.1339	1
2676	89.1672	1
2677	89.2006	1
2678	89.2339	1
2679	89.2672	1
2680	89.3006	1
2681	89.3339	1
2682	89.3672	1
2683	89.4006	1
2684	89.4339	1
2685	89.4672	1
2686	89.5006	1
2687	89.5339	1
2688	89.5672	1
2689	89.6006	1
2690	89.6339	1
2691	89.6672	1
2692	89.7006	1
2693	89.7339	1
2694	89.7672	1
2695	89.8006	1
2696	89.8339	1
2697	89.8672	1
2698	89.9006	1
2699	89.9339	1
2700	89.9672	1
2701	90.0006	1
2702	90.0339	1
2703	90.0672	1
2704	90.1006	1
2705	90.1339	1
2706	90.1672	1
2707	90.2006	1
2708	90.2339	1
2709	90.2672	1
2710	90.3006	1
2711	90.3339	1
2712	90.3672	1
2713	90.4006	1
2714	90.4339	1
2715	90.4672	1
2716	90.5006	1
2717	90.5339	1
2718	90.5672	1
2719	90.6006	1
2720	90.6339	1
2721	90.6672	1
2722	90.7006	1
2723	90.7339	1
2724	90.7672	1
2725	90.8006	1
2726	90.8339	1
2727	90.8672	1
2728	90.9006	1
2729	90.9339	1
2730	90.9672	1
2731	91.0006	1
2732	91.0339	1
2733	91.0672	1
2734	91.1006	1
2735	91.1339	1
2736	91.1672	1
2737	91.2006	1
2738	91.2339	1
2739	91.2672	1
2740	91.3006	1
2741	91.3339	1
2742	91.3672	1
2743	91.4006	1
2744	91.4339	1
2745	91.4672	1
2746	91.5006	1
2747	91.5339	1
2748	91.5672	1
2749	91.6006	1
2750	91.6339	1
2751	91.6672	1
2752	91.7006	1
2753	91.7339	1
2754	91.7672	1
2755	91.8006	1
2756	91.8339	1
2757	91.8672	1
2758	91.9006	1
2759	91.9339	1
2760	91.9672	1
2761	92.0006	1
2762	92.0339	1
2763	92.0672	1
2764	92.1006	1
2765	92.1339	1
2766	92.1672	1
2767	92.2006	1
2768	92.2339	1
2769	92.2672	1
2770	92.3006	1
2771	92.3339	1
2772	92.3672	1
2773	92.4006	1
2774	92.4339	1
2775	92.4672	1
2776	92.5006	1
2777	92.5339	1
2778	92.5672	1
2779	92.6006	1
2780	92.6339	1
2781	92.6672	1
2782	92.7006	1
2783	92.7339	1
2784	92.7672	1
2785	92.8006	1
2786	92.8339	1
2787	92.8672	1
2788	92.9006	1
2789	92.9339	1
2790	92.9672	1
2791	93.0006	1
2792	93.0339	1
2793	93.0672	1
2794	93.1006	1
2795	93.1339	1
2796	93.1672	1
2797	93.2006	1
2798	93.2339	1
2799	93.2672	1
2800	93.3006	1
2801	93.3339	0
2802	93.3672	0
2803	93.4006	0
2804	93.4339	0
2805	93.4672	0
2806	93.5006	0
2807	93.5339	0
2808	93.5672	0
2809	93.6006	0
2810	93.6339	0
2811	93.6672	0
2812	93.7006	0
2813	93.7339	0
2814	93.7672	0
2815	93.8006	0
2816	93.8339	0
2817	93.8673	0
2818	93.9006	0
2819	93.9339	0
2820	93.9673	0
2821	94.0006	0
2822	94.0339	0
2823	94.0673	0
2824	94.1006	0
2825	94.1339	0
2826	94.1673	0
2827	94.2006	0
2828	94.2339	0
2829	94.2673	0
2830	94.3006	0
2831	94.3339	0
2832	94.3673	0
2833	94.4006	0
2834	94.4339	0
2835	94.4673	0
2836	94.5006	0
2837	94.5339	0
2838	94.5673	0
2839	94.6006	0
2840	94.6339	0
2841	94.6673	0
2842	94.7006	0
2843	94.7339	0
2844	94.7673	0
2845	94.8006	0
2846	94.8339	0
2847	94.8673	0
2848	94.9006	0
2849	94.9339	0
2850	94.9673	0
2851	95.0006	0
2852	95.0339	0
2853	95.0673	0
2854	95.1006	0
2855	95.1339	0
2856	95.1673	0
2857	95.2006	0
2858	95.2339	0
2859	95.2673	0
2860	95.3006	0
2861	95.3339	0
2862	95.3673	0
2863	95.4006	0
2864	95.4339	0
2865	95.4673	0
2866	95.5006	0
2867	95.5339	0
2868	95.5673	0
2869	95.6006	0
2870	95.6339	1
2871	95.6673	1
2872	95.7006	1
2873	95.7339	1
2874	95.7673	1
2875	95.8006	1
2876	95.8339	1
2877	95.8673	1
2878	95.9006	1
2879	95.9339	1
2880	95.9673	1
2881	96.0006	1
2882	96.0339	1
2883	96.0673	1
2884	96.1006	1
2885	96.1339	1
2886	96.1673	1
2887	96.2006	1
2888	96.2339	1
2889	96.2673	1
2890	96.3006	1
2891	96.3339	1
2892	96.3673	1
2893	96.4006	1
2894	96.4339	1
2895	96.4673	1
2896	96.5006	1
2897	96.5339	1
2898	96.5673	1
2899	96.6006	1
2900	96.6339	1
2901	96.6673	1
2902	96.7006	1
2903	96.7339	1
2904	96.7673	1
2905	96.8006	1
2906	96.8339	1
2907	96.8673	1
2908	96.9006	1
2909	96.9339	1
2910	96.9673	1
2911	97.0006	1
2912	97.0339	1
2913	97.0673	1
2914	97.1006	1
2915	97.1339	1
2916	97.1673	1
2917	97.2006	1
2918	97.2339	1
2919	97.2673	1
2920	97.3006	1
2921	97.3339	1
2922	97.3673	1
2923	97.4006	1
2924	97.4339	1
2925	97.4673	1
2926	97.5006	1
2927	97.5339	1
2928	97.5673	1
2929	97.6006	1
2930	97.6339	1
2931	97.6673	1
2932	97.7006	1
2933	97.7339	1
2934	97.7673	1
2935	97.8006	1
2936	97.8339	1
2937	97.8673	1
2938	97.9006	1
2939	97.9339	1
2940	97.9673	1
2941	98.0006	1
2942	98.0339	1
2943	98.0673	1
2944	98.1006	1
2945	98.1339	1
2946	98.1673	1
2947	98.2006	1
2948	98.2339	1
2949	98.2673	1
2950	98.3006	1
2951	98.3339	1
2952	98.3673	1
2953	98.4006	1
2954	98.4339	1
2955	98.4673	1
2956	98.5006	1
2957	98.5339	1
2958	98.5673	1
2959	98.6006	1
2960	98.6339	1
2961	98.6673	1
2962	98.7006	1
2963	98.7339	1
2964	98.7673	1
2965	98.8006	1
2966	98.8339	1
2967	98.8673	1
2968	98.9006	1
2969	98.9339	1
2970	98.9673	1
2971	99.0006	1
2972	99.0339	1
2973	99.0673	1
2974	99.1006	1
2975	99.1339	1
2976	99.1673	1
2977	99.2006	1
2978	99.2340	1
2979	99.2673	1
2980	99.3006	1
2981	99.3340	1
2982	99.3673	1
2983	99.4006	1
2984	99.4340	1
2985	99.4673	1
2986	99.5006	1
2987	99.5340	1
2988	99.5673	1
2989	99.6006	1
2990	99.6340	1
2991	99.6673	1
2992	99.7006	1
2993	99.7340	1
2994	99.7673	1
2995	99.8006	1
2996	99.8340	1
2997	99.8673	1
2998	99.9006	1
2999	99.9340	1
3000	99.9673	1
3001	100.0006	0
3002	100.0340	0
3003	100.0673	0
3004	100.1006	0
3005	100.1340	0
3006	100.1673	0
3007	100.2006	0
3008	100.2340	0
3009	100.2673	0
3010	100.3006	0
3011	100.3340	0
3012	100.3673	0
3013	100.4006	0
3014	100.4340	0
3015	100.4673	0
3016	100.5006	0
3017	100.5340	0
3018	100.5673	0
3019	100.6006	0
3020	100.6340	0
3021	100.6673	0
3022	100.7006	0
3023	100.7340	0
3024	100.7673	0
3025	100.8006	0
3026	100.8340	0
3027	100.8673	0
3028	100.9006	0
3029	100.9340	0
3030	100.9673	0
3031	101.0006	0
3032	101.0340	0
3033	101.0673	0
3034	101.1006	0
3035	101.1340	1
3036	101.1673	1
3037	101.2006	1
3038	101.2340	1
3039	101.2673	1
3040	101.3006	1
3041	101.3340	1
3042	101.3673	1
3043	101.4006	1
3044	101.4340	1
3045	101.4673	1
3046	101.5006	1
3047	101.5340	1
3048	101.5673	1
3049	101.6006	1
3050	101.6340	1
3051	101.6673	1
3052	101.7006	1
3053	101.7340	1
3054	101.7673	1
3055	101.8006	1
3056	101.8340	1
3057	101.8673	1
3058	101.9006	1
3059	101.9340	1
3060	101.9673	1
3061	102.0006	1
3062	102.0340	1
3063	102.0673	1
3064	102.1006	1
3065	102.1340	1
3066	102.1673	1
3067	102.2006	1
3068	102.2340	1
3069	102.2673	1
3070	102.3006	1
3071	102.3340	1
3072	102.3673	1
3073	102.4006	1
3074	102.4340	1
3075	102.4673	1
3076	102.5006	1
3077	102.5340	1
3078	102.5673	1
3079	102.6006	1
3080	102.6340	1
3081	102.6673	1
3082	102.7006	1
3083	102.7340	1
3084	102.7673	1
3085	102.8006	1
3086	102.8340	1
3087	102.8673	1
3088	102.9006	1
3089	102.9340	1
3090	102.9673	1
3091	103.0006	1
3092	103.0340	1
3093	103.0673	1
3094	103.1006	1
3095	103.1340	1
3096	103.1673	1
3097	103.2006	1
3098	103.2340	1
3099	103.2673	1
3100	103.3006	1
3101	103.3340	1
3102	103.3673	1
3103	103.4006	1
3104	103.4340	1
3105	103.4673	1
3106	103.5006	1
3107	103.5340	1
3108	103.5673	1
3109	103.6006	1
3110	103.6340	1
3111	103.6673	1
3112	103.7006	1
3113	103.7340	1
3114	103.7673	1
3115	103.8006	1
3116	103.8340	1
3117	103.8673	1
3118	103.9006	1
3119	103.9340	1
3120	103.9673	1
3121	104.0006	1
3122	104.0340	1
3123	104.0673	1
3124	104.1006	1
3125	104.1340	1
3126	104.1673	1
3127	104.2006	1
3128	104.2340	1
3129	104.2673	1
3130	104.3006	1
3131	104.3340	1
3132	104.3673	1
3133	104.4006	1
3134	104.4340	1
3135	104.4673	1
3136	104.5007	1
3137	104.5340	1
3138	104.5673	1
3139	104.6007	1
3140	104.6340	1
3141	104.6673	1
3142	104.7007	1
3143	104.7340	1
3144	104.7673	1
3145	104.8007	1
3146	104.8340	1
3147	104.8673	1
3148	104.9007	1
3149	104.9340	1
3150	104.9673	1
3151	105.0007	1
3152	105.0340	1
3153	105.0673	1
3154	105.1007	1
3155	105.1340	1
3156	105.1673	1
3157	105.2007	1
3158	105.2340	1
3159	105.2673	1
3160	105.3007	1
3161	105.3340	1
3162	105.3673	1
3163	105.4007	1
3164	105.4340	1
3165	105.4673	1
3166	105.5007	1
3167	105.5340	1
3168	105.5673	1
3169	105.6007	1
3170	105.6340	1
3171	105.6673	1
3172	105.7007	1
3173	105.7340	1
3174	105.7673	1
3175	105.8007	1
3176	105.8340	1
3177	105.8673	1
3178	105.9007	1
3179	105.9340	1
3180	105.9673	1
3181	106.0007	1
3182	106.0340	1
3183	106.0673	1
3184	106.1007	1
3185	106.1340	1
3186	106.1673	1
3187	106.2007	1
3188	106.2340	1
3189	106.2673	1
3190	106.3007	0
3191	106.3340	0
3192	106.3673	0
3193	106.4007	0
3194	106.4340	0
3195	106.4673	0
3196	106.5007	0
3197	106.5340	0
3198	106.5673	0
3199	106.6007	0
3200	106.6340	0
3201	106.6673	0
3202	106.7007	0
3203	106.7340	0
3204	106.7673	0
3205	106.8007	0
3206	106.8340	1
3207	106.8673	1
3208	106.9007	1
3209	106.9340	1
3210	106.9673	1
3211	107.0007	1
3212	107.0340	1
3213	107.0673	1
3214	107.1007	1
3215	107.1340	1
3216	107.1673	1
3217	107.2007	1
3218	107.2340	1
3219	107.2673	1
3220	107.3007	0
3221	107.3340	0
3222	107.3673	0
3223	107.4007	0
3224	107.4340	0
3225	107.4673	0
3226	107.5007	0
3227	107.5340	0
3228	107.5673	0
3229	107.6007	0
3230	107.6340	0
3231	107.6673	0
3232	107.7007	0
3233	107.7340	0
3234	107.7673	0
3235	107.8007	0
3236	107.8340	0
3237	107.8673	0
3238	107.9007	0
3239	107.9340	0
3240	107.9673	0
3241	108.0007	0
3242	108.0340	0
3243	108.0673	0
3244	108.1007	0
3245	108.1340	0
3246	108.1673	0
3247	108.2007	0
3248	108.2340	0
3249	108.2673	0
3250	108.3007	1
3251	108.3340	1
3252	108.3673	1
3253	108.4007	1
3254	108.4340	1
3255	108.4673	1
3256	108.5007	1
3257	108.5340	1
3258	108.5673	1
3259	108.6007	1
3260	108.6340	1
3261	108.6673	1
3262	108.7007	1
3263	108.7340	1
3264	108.7673	1
3265	108.8007	1
3266	108.8340	1
3267	108.8673	1
3268	108.9007	1
3269	108.9340	1
3270	108.9673	1
3271	109.0007	1
3272	109.0340	1
3273	109.0673	1
3274	109.1007	1
3275	109.1340	1
3276	109.1673	1
3277	109.2007	1
3278	109.2340	1
3279	109.2673	1
3280	109.3007	1
3281	109.3340	1
3282	109.3673	1
3283	109.4007	1
3284	109.4340	1
3285	109.4673	1
3286	109.5007	1
3287	109.5340	1
3288	109.5673	1
3289	109.6007	1
3290	109.6340	1
3291	109.6673	1
3292	109.7007	1
3293	109.7340	1
3294	109.7673	1
3295	109.8007	1
3296	109.8340	1
3297	109.8674	1
3298	109.9007	1
3299	109.9340	1
3300	109.9674	1
3301	110.0007	1
3302	110.0340	1
3303	110.0674	1
3304	110.1007	1
3305	110.1340	1
3306	110.1674	1
3307	110.2007	1
3308	110.2340	1
3309	110.2674	1
3310	110.3007	1
3311	110.3340	1
3312	110.3674	1
3313	110.4007	1
3314	110.4340	1
3315	110.4674	1
3316	110.5007	1
3317	110.5340	1
3318	110.5674	1
3319	110.6007	1
3320	110.6340	1
3321	110.6674	1
3322	110.7007	1
3323	110.7340	1
3324	110.7674	1
3325	110.8007	1
3326	110.8340	1
3327	110.8674	1
3328	110.9007	1
3329	110.9340	1
3330	110.9674	1
3331	111.0007	0
3332	111.0340	0
3333	111.0674	0
3334	111.1007	0
3335	111.1340	0
3336	111.1674	0
3337	111.2007	0
3338	111.2340	0
3339	111.2674	0
3340	111.3007	0
3341	111.3340	0
3342	111.3674	0
3343	111.4007	0
3344	111.4340	0
3345	111.4674	0
3346	111.5007	0
3347	111.5340	0
3348	111.5674	0
3349	111.6007	0
3350	111.6340	0
3351	111.6674	0
3352	111.7007	0
3353	111.7340	0
3354	111.7674	0
3355	111.8007	0
3356	111.8340	0
3357	111.8674	0
3358	111.9007	0
3359	111.9340	0
3360	111.9674	0
3361	112.0007	0
3362	112.0340	0
3363	112.0674	0
3364	112.1007	0
3365	112.1340	1
3366	112.1674	1
3367	112.2007	1
3368	112.2340	1
3369	112.2674	1
3370	112.3007	1
3371	112.3340	1
3372	112.3674	1
3373	112.4007	1
3374	112.4340	1
3375	112.4674	1
3376	112.5007	1
3377	112.5340	1
3378	112.5674	1
3379	112.6007	1
3380	112.6340	1
3381	112.6674	1
3382	112.7007	1
3383	112.7340	1
3384	112.7674	1
3385	112.8007	1
3386	112.8340	1
3387	112.8674	1
3388	112.9007	1
3389	112.9340	1
3390	112.9674	1
3391	113.0007	1
3392	113.0340	1
3393	113.0674	1
3394	113.1007	1
3395	113.1340	1
3396	113.1674	1
3397	113.2007	1
3398	113.2340	1
3399	113.2674	1
3400	113.3007	1
3401	113.3340	1
3402	113.3674	1
3403	113.4007	1
3404	113.4340	1
3405	113.4674	1
3406	113.5007	1
3407	113.5340	1
3408	113.5674	1
3409	113.6007	1
3410	113.6340	1
3411	113.6674	1
3412	113.7007	1
3413	113.7340	1
3414	113.7674	1
3415	113.8007	1
3416	113.8340	1
3417	113.8674	1
3418	113.9007	1
3419	113.9340	1
3420	113.9674	1
3421	114.0007	1
3422	114.0340	1
3423	114.0674	1
3424	114.1007	1
3425	114.1340	1
3426	114.1674	1
3427	114.2007	1
3428	114.2340	1
3429	114.2674	1
3430	114.3007	1
3431	114.3340	1
3432	114.3674	1
3433	114.4007	1
3434	114.4340	1
3435	114.4674	1
3436	114.5007	1
3437	114.5340	1
3438	114.5674	1
3439	114.6007	1
3440	114.6340	1
3441	114.6674	1
3442	114.7007	1
3443	114.7340	1
3444	114.7674	1
3445	114.8007	1
3446	114.8340	1
3447	114.8674	1
3448	114.9007	0
3449	114.9340	0
3450	114.9674	0
3451	115.0007	0
3452	115.0340	0
3453	115.0674	0
3454	115.1007	0
3455	115.1340	0
3456	115.1674	0
3457	115.2007	0
3458	115.2341	0
3459	115.2674	0
3460	115.3007	0
3461	115.3341	0
3462	115.3674	0
3463	115.4007	0
3464	115.4341	0
3465	115.4674	0
3466	115.5007	0
3467	115.5341	0
3468	115.5674	0
3469	115.6007	0
3470	115.6341	0
3471	115.6674	0
3472	115.7007	0
3473	115.7341	0
3474	115.7674	0
3475	115.8007	0
3476	115.8341	0
3477	115.8674	0
3478	115.9007	0
3479	115.9341	0
3480	115.9674	0
3481	116.0007	0
3482	116.0341	0
3483	116.0674	0
3484	116.1007	0
3485	116.1341	0
3486	116.1674	0
3487	116.2007	0
3488	116.2341	0
3489	116.2674	0
3490	116.3007	0
3491	116.3341	0
3492	116.3674	0
3493	116.4007	0
3494	116.4341	0
3495	116.4674	0
3496	116.5007	0
3497	116.5341	0
3498	116.5674	0
3499	116.6007	0
3500	116.6341	0
3501	116.6674	0
3502	116.7007	0
3503	116.7341	0
3504	116.7674	0
3505	116.8007	1
3506	116.8341	1
3507	116.8674	1
3508	116.9007	1
3509	116.9341	1
3510	116.9674	1
3511	117.0007	1
3512	117.0341	1
3513	117.0674	1
3514	117.1007	1
3515	117.1341	1
3516	117.1674	1
3517	117.2007	1
3518	117.2341	1
3519	117.2674	1
3520	117.3007	1
3521	117.3341	1
3522	117.3674	1
3523	117.4007	1
3524	117.4341	0
3525	117.4674	0
3526	117.5007	0
3527	117.5341	0
3528	117.5674	0
3529	117.6007	0
3530	117.6341	0
3531	117.6674	0
3532	117.7007	0
3533	117.7341	0
3534	117.7674	1
3535	117.8007	1
3536	117.8341	1
3537	117.8674	1
3538	117.9007	1
3539	117.9341	1
3540	117.9674	1
3541	118.0007	1
3542	118.0341	1
3543	118.0674	1
3544	118.1007	1
3545	118.1341	1
3546	118.1674	1
3547	118.2007	1
3548	118.2341	1
3549	118.2674	1
3550	118.3007	1
3551	118.3341	1
3552	118.3674	1
3553	118.4007	1
3554	118.4341	1
3555	118.4674	1
3556	118.5007	1
3557	118.5341	1
3558	118.5674	1
3559	118.6007	1
3560	118.6341	1
3561	118.6674	1
3562	118.7007	1
3563	118.7341	1
3564	118.7674	1
3565	118.8007	0
3566	118.8341	0
3567	118.8674	0
3568	118.9007	0
3569	118.9341	0
3570	118.9674	0
3571	119.0007	0
3572	119.0341	0
3573	119.0674	0
3574	119.1007	0
3575	119.1341	0
3576	119.1674	0
3577	119.2007	0
3578	119.2341	0
3579	119.2674	0
3580	119.3007	0
3581	119.3341	0
3582	119.3674	0
3583	119.4007	0
3584	119.4341	0
3585	119.4674	0
3586	119.5007	0
3587	119.5341	0
3588	119.5674	0
3589	119.6007	0
3590	119.6341	0
3591	119.6674	0
3592	119.7007	0
3593	119.7341	0
3594	119.7674	0
3595	119.8007	0
3596	119.8341	0
3597	119.8674	0
3598	119.9007	0
3599	119.9341	0
3600	119.9674	0
3601	120.0007	0
3602	120.0341	0
3603	120.0674	0
3604	120.1007	0
3605	120.1341	0
3606	120.1674	0
3607	120.2007	0
3608	120.2341	0
3609	120.2674	0
3610	120.3007	0
3611	120.3341	0
3612	120.3674	0
3613	120.4007	0
3614	120.4341	0
3615	120.4674	0
3616	120.5007	0
3617	120.5341	0
3618	120.5674	0
3619	120.6008	0
3620	120.6341	0
3621	120.6674	0
3622	120.7008	0
3623	120.7341	0
3624	120.7674	0
3625	120.8008	0
3626	120.8341	0
3627	120.8674	0
3628	120.9008	0
3629	120.9341	0
3630	120.9674	0
3631	121.0008	0
3632	121.0341	0
3633	121.0674	1
3634	121.1008	1
3635	121.1341	1
3636	121.1674	1
3637	121.2008	1
3638	121.2341	1
3639	121.2674	1
3640	121.3008	1
3641	121.3341	1
3642	121.3674	1
3643	121.4008	1
3644	121.4341	1
3645	121.4674	1
3646	121.5008	1
3647	121.5341	1
3648	121.5674	1
3649	121.6008	1
3650	121.6341	1
3651	121.6674	1
3652	121.7008	1
3653	121.7341	1
3654	121.7674	1
3655	121.8008	1
3656	121.8341	1
3657	121.8674	1
3658	121.9008	1
3659	121.9341	1
3660	121.9674	1
3661	122.0008	1
3662	122.0341	1
3663	122.0674	1
3664	122.1008	1
3665	122.1341	1
3666	122.1674	1
3667	122.2008	1
3668	122.2341	1
3669	122.2674	1
3670	122.3008	1
3671	122.3341	1
3672	122.3674	1
3673	122.4008	1
3674	122.4341	1
3675	122.4674	1
3676	122.5008	1
3677	122.5341	1
3678	122.5674	1
3679	122.6008	1
3680	122.6341	1
3681	122.6674	1
3682	122.7008	1
3683	122.7341	1
3684	122.7674	1
3685	122.8008	1
3686	122.8341	1
3687	122.8674	1
3688	122.9008	1
3689	122.9341	1
3690	122.9674	1
3691	123.0008	1
3692	123.0341	1
3693	123.0674	1
3694	123.1008	1
3695	123.1341	1
3696	123.1674	1
3697	123.2008	1
3698	123.2341	1
3699	123.2674	1
3700	123.3008	1
3701	123.3341	1
3702	123.3674	1
3703	123.4008	1
3704	123.4341	1
3705	123.4674	1
3706	123.5008	1
3707	123.5341	1
3708	123.5674	1
3709	123.6008	1
3710	123.6341	1
3711	123.6674	1
3712	123.7008	1
3713	123.7341	1
3714	123.7674	1
3715	123.8008	1
3716	123.8341	1
3717	123.8674	1
3718	123.9008	1
3719	123.9341	1
3720	123.9674	1
3721	124.0008	1
3722	124.0341	1
3723	124.0674	1
3724	124.1008	1
3725	124.1341	1
3726	124.1674	1
3727	124.2008	0
3728	124.2341	0
3729	124.2674	0
3730	124.3008	0
3731	124.3341	0
3732	124.3674	0
3733	124.4008	0
3734	124.4341	0
3735	124.4674	0
3736	124.5008	0
3737	124.5341	0
3738	124.5674	0
3739	124.6008	0
3740	124.6341	0
3741	124.6674	0
3742	124.7008	0
3743	124.7341	0
3744	124.7674	0
3745	124.8008	0
3746	124.8341	0
3747	124.8674	0
3748	124.9008	0
3749	124.9341	0
3750	124.9674	0
3751	125.0008	0
3752	125.0341	0
3753	125.0674	0
3754	125.1008	0
3755	125.1341	0
3756	125.1674	0
3757	125.2008	0
3758	125.2341	0
3759	125.2674	0
3760	125.3008	0
3761	125.3341	0
3762	125.3674	0
3763	125.4008	0
3764	125.4341	0
3765	125.4674	0
3766	125.5008	0
3767	125.5341	1
3768	125.5674	1
3769	125.6008	1
3770	125.6341	1
3771	125.6674	1
3772	125.7008	1
3773	125.7341	1
3774	125.7674	1
3775	125.8008	1
3776	125.8341	1
3777	125.8674	1
3778	125.9008	1
3779	125.9341	1
3780	125.9675	1
3781	126.0008	1
3782	126.0341	1
3783	126.0675	1
3784	126.1008	1
3785	126.1341	1
3786	126.1675	1
3787	126.2008	1
3788	126.2341	1
3789	126.2675	1
3790	126.3008	1
3791	126.3341	1
3792	126.3675	1
3793	126.4008	1
3794	126.4341	1
3795	126.4675	1
3796	126.5008	1
3797	126.5341	1
3798	126.5675	1
3799	126.6008	1
3800	126.6341	1
3801	126.6675	1
3802	126.7008	1
3803	126.7341	1
3804	126.7675	1
3805	126.8008	1
3806	126.8341	1
3807	126.8675	1
3808	126.9008	1
3809	126.9341	1
3810	126.9675	1
3811	127.0008	1
3812	127.0341	1
3813	127.0675	1
3814	127.1008	1
3815	127.1341	1
3816	127.1675	1
3817	127.2008	1
3818	127.2341	1
3819	127.2675	1
3820	127.3008	1
3821	127.3341	1
3822	127.3675	1
3823	127.4008	1
3824	127.4341	1
3825	127.4675	1
3826	127.5008	1
3827	127.5341	1
3828	127.5675	1
3829	127.6008	1
3830	127.6341	1
3831	127.6675	1
3832	127.7008	1
3833	127.7341	1
3834	127.7675	1
3835	127.8008	1
3836	127.8341	1
3837	127.8675	1
3838	127.9008	1
3839	127.9341	1
3840	127.9675	1
3841	128.0008	1
3842	128.0341	1
3843	128.0675	1
3844	128.1008	1
3845	128.1341	1
3846	128.1675	1
3847	128.2008	1
3848	128.2341	1
3849	128.2675	1
3850	128.3008	1
3851	128.3341	1
3852	128.3675	1
3853	128.4008	1
3854	128.4341	1
3855	128.4675	1
3856	128.5008	1
3857	128.5341	1
3858	128.5675	1
3859	128.6008	1
3860	128.6341	1
3861	128.6675	1
3862	128.7008	1
3863	128.7341	1
3864	128.7675	1
3865	128.8008	1
3866	128.8341	1
3867	128.8675	1
3868	128.9008	1
3869	128.9341	1
3870	128.9675	1
3871	129.0008	1
3872	129.0341	1
3873	129.0675	1
3874	129.1008	1
3875	129.1341	1
3876	129.1675	1
3877	129.2008	1
3878	129.2341	1
3879	129.2675	1
3880	129.3008	1
3881	129.3341	1
3882	129.3675	1
3883	129.4008	1
3884	129.4341	1
3885	129.4675	1
3886	129.5008	1
3887	129.5341	1
3888	129.5675	1
3889	129.6008	1
3890	129.6341	1
3891	129.6675	1
3892	129.7008	1
3893	129.7341	1
3894	129.7675	1
3895	129.8008	1
3896	129.8341	1
3897	129.8675	1
3898	129.9008	1
3899	129.9341	1
3900	129.9675	1
3901	130.0008	1
3902	130.0341	1
3903	130.0675	1
3904	130.1008	1
3905	130.1341	1
3906	130.1675	1
3907	130.2008	1
3908	130.2341	1
3909	130.2675	1
3910	130.3008	1
3911	130.3341	1
3912	130.3675	1
3913	130.4008	1
3914	130.4341	1
3915	130.4675	1
3916	130.5008	1
3917	130.5341	1
3918	130.5675	1
3919	130.6008	1
3920	130.6341	1
3921	130.6675	1
3922	130.7008	1
3923	130.7341	1
3924	130.7675	1
3925	130.8008	1
3926	130.8341	1
3927	130.8675	1
3928	130.9008	1
3929	130.9341	1
3930	130.9675	1
3931	131.0008	1
3932	131.0341	1
3933	131.0675	1
3934	131.1008	1
3935	131.1341	1
3936	131.1675	1
3937	131.2008	1
3938	131.2341	1
3939	131.2675	1
3940	131.3008	1
3941	131.3342	1
3942	131.3675	1
3943	131.4008	1
3944	131.4342	1
3945	131.4675	1
3946	131.5008	1
3947	131.5342	1
3948	131.5675	1
3949	131.6008	1
3950	131.6342	1
3951	131.6675	1
3952	131.7008	1
3953	131.7342	1
3954	131.7675	1
3955	131.8008	1
3956	131.8342	1
3957	131.8675	1
3958	131.9008	1
3959	131.9342	1
3960	131.9675	1
3961	132.0008	1
3962	132.0342	1
3963	132.0675	1
3964	132.1008	1
3965	132.1342	1
3966	132.1675	1
3967	132.2008	1
3968	132.2342	1
3969	132.2675	1
3970	132.3008	1
3971	132.3342	1
3972	132.3675	1
3973	132.4008	1
3974	132.4342	1
3975	132.4675	1
3976	132.5008	1
3977	132.5342	1
3978	132.5675	1
3979	132.6008	1
3980	132.6342	1
3981	132.6675	1
3982	132.7008	0
3983	132.7342	0
3984	132.7675	0
3985	132.8008	0
3986	132.8342	0
3987	132.8675	0
3988	132.9008	0
3989	132.9342	0
3990	132.9675	0
3991	133.0008	0
3992	133.0342	0
3993	133.0675	0
3994	133.1008	0
3995	133.1342	0
3996	133.1675	0
3997	133.2008	0
3998	133.2342	0
3999	133.2675	0
4000	133.3008	0
4001	133.3342	0
4002	133.3675	0
4003	133.4008	0
4004	133.4342	0
4005	133.4675	0
4006	133.5008	0
4007	133.5342	0
4008	133.5675	0
4009	133.6008	0
4010	133.6342	0
4011	133.6675	0
4012	133.7008	0
4013	133.7342	0
4014	133.7675	0
4015	133.8008	0
4016	133.8342	0
4017	133.8675	0
4018	133.9008	0
4019	133.9342	0
4020	133.9675	0
4021	134.0008	0
4022	134.0342	0
4023	134.0675	0
4024	134.1008	0
4025	134.1342	0
4026	134.1675	0
4027	134.2008	0
4028	134.2342	0
4029	134.2675	0
4030	134.3008	0
4031	134.3342	0
4032	134.3675	0
4033	134.4008	0
4034	134.4342	0
4035	134.4675	0
4036	134.5008	0
4037	134.5342	0
4038	134.5675	0
4039	134.6008	0
4040	134.6342	0
4041	134.6675	0
4042	134.7008	0
4043	134.7342	0
4044	134.7675	0
4045	134.8008	0
4046	134.8342	0
4047	134.8675	0
4048	134.9008	0
4049	134.9342	0
4050	134.9675	0
4051	135.0008	0
4052	135.0342	0
4053	135.0675	0
4054	135.1008	0
4055	135.1342	0
4056	135.1675	0
4057	135.2008	0
4058	135.2342	0
4059	135.2675	0
4060	135.3008	0
4061	135.3342	0
4062	135.3675	0
4063	135.4008	0
4064	135.4342	0
4065	135.4675	0
4066	135.5008	0
4067	135.5342	0
4068	135.5675	0
4069	135.6008	0
4070	135.6342	0
4071	135.6675	0
4072	135.7008	0
4073	135.7342	0
4074	135.7675	0
4075	135.8008	0
4076	135.8342	0
4077	135.8675	0
4078	135.9008	0
4079	135.9342	0
4080	135.9675	0
4081	136.0008	0
4082	136.0342	0
4083	136.0675	0
4084	136.1008	0
4085	136.1342	0
4086	136.1675	0
4087	136.2008	0
4088	136.2342	0
4089	136.2675	0
4090	136.3008	0
4091	136.3342	0
4092	136.3675	0
4093	136.4008	0
4094	136.4342	0
4095	136.4675	0
4096	136.5008	0
4097	136.5342	0
4098	136.5675	0
4099	136.6008	1
4100	136.6342	1
4101	136.6675	1
4102	136.7009	1
4103	136.7342	1
4104	136.7675	1
4105	136.8009	1
4106	136.8342	1
4107	136.8675	1
4108	136.9009	1
4109	136.9342	1
4110	136.9675	1
4111	137.0009	1
4112	137.0342	1
4113	137.0675	1
4114	137.1009	1
4115	137.1342	1
4116	137.1675	1
4117	137.2009	1
4118	137.2342	1
4119	137.2675	1
4120	137.3009	1
4121	137.3342	1
4122	137.3675	1
4123	137.4009	1
4124	137.4342	1
4125	137.4675	1
4126	137.5009	1
4127	137.5342	1
4128	137.5675	1
4129	137.6009	0
4130	137.6342	0
4131	137.6675	0
4132	137.7009	0
4133	137.7342	0
4134	137.7675	0
4135	137.8009	0
4136	137.8342	0
4137	137.8675	0
4138	137.9009	0
4139	137.9342	0
4140	137.9675	0
4141	138.0009	0
4142	138.0342	0
4143	138.0675	0
4144	138.1009	0
4145	138.1342	0
4146	138.1675	0
4147	138.2009	0
4148	138.2342	0
4149	138.2675	0
4150	138.3009	0
4151	138.3342	0
4152	138.3675	1
4153	138.4009	1
4154	138.4342	1
4155	138.4675	1
4156	138.5009	1
4157	138.5342	1
4158	138.5675	1
4159	138.6009	1
4160	138.6342	1
4161	138.6675	1
4162	138.7009	1
4163	138.7342	0
4164	138.7675	0
4165	138.8009	0
4166	138.8342	0
4167	138.8675	0
4168	138.9009	0
4169	138.9342	0
4170	138.9675	0
4171	139.0009	0
4172	139.0342	0
4173	139.0675	0
4174	139.1009	0
4175	139.1342	0
4176	139.1675	0
4177	139.2009	0
4178	139.2342	0
4179	139.2675	0
4180	139.3009	0
4181	139.3342	0
4182	139.3675	0
4183	139.4009	0
4184	139.4342	0
4185	139.4675	0
4186	139.5009	0
4187	139.5342	0
4188	139.5675	0
4189	139.6009	0
4190	139.6342	0
4191	139.6675	0
4192	139.7009	0
4193	139.7342	0
4194	139.7675	0
4195	139.8009	0
4196	139.8342	0
4197	139.8675	0
4198	139.9009	0
4199	139.9342	0
4200	139.9675	0
4201	140.0009	0
4202	140.0342	0
4203	140.0675	0
4204	140.1009	0
4205	140.1342	0
4206	140.1675	0
4207	140.2009	0
4208	140.2342	0
4209	140.2675	0
4210	140.3009	0
4211	140.3342	0
4212	140.3675	0
4213	140.4009	0
4214	140.4342	0
4215	140.4675	0
4216	140.5009	0
4217	140.5342	0
4218	140.5675	0
4219	140.6009	0
4220	140.6342	0
4221	140.6675	0
4222	140.7009	0
4223	140.7342	0
4224	140.7675	0
4225	140.8009	0
4226	140.8342	0
4227	140.8675	0
4228	140.9009	0
4229	140.9342	0
4230	140.9675	0
4231	141.0009	0
4232	141.0342	1
4233	141.0675	1
4234	141.1009	1
4235	141.1342	1
4236	141.1675	1
4237	141.2009	1
4238	141.2342	1
4239	141.2675	1
4240	141.3009	1
4241	141.3342	1
4242	141.3675	1
4243	141.4009	1
4244	141.4342	1
4245	141.4675	1
4246	141.5009	0
4247	141.5342	0
4248	141.5675	0
4249	141.6009	0
4250	141.6342	0
4251	141.6675	0
4252	141.7009	0
4253	141.7342	0
4254	141.7675	0
4255	141.8009	0
4256	141.8342	0
4257	141.8675	0
4258	141.9009	0
4259	141.9342	0
4260	141.9675	0
4261	142.0009	0
4262	142.0342	0
4263	142.0676	0
4264	142.1009	0
4265	142.1342	0
4266	142.1676	0
4267	142.2009	0
4268	142.2342	0
4269	142.2676	0
4270	142.3009	0
4271	142.3342	0
4272	142.3676	0
4273	142.4009	0
4274	142.4342	0
4275	142.4676	0
4276	142.5009	0
4277	142.5342	0
4278	142.5676	0
4279	142.6009	0
4280	142.6342	0
4281	142.6676	0
4282	142.7009	0
4283	142.7342	0
4284	142.7676	0
4285	142.8009	0
4286	142.8342	0
4287	142.8676	0
4288	142.9009	0
4289	142.9342	0
4290	142.9676	0
4291	143.0009	0
4292	143.0342	0
4293	143.0676	0
4294	143.1009	0
4295	143.1342	0
4296	143.1676	0
4297	143.2009	0
4298	143.2342	0
4299	143.2676	0
4300	143.3009	0
4301	143.3342	0
4302	143.3676	0
4303	143.4009	0
4304	143.4342	0
4305	143.4676	0
4306	143.5009	0
4307	143.5342	0
4308	143.5676	0
4309	143.6009	0
4310	143.6342	0
4311	143.6676	0
4312	143.7009	0
4313	143.7342	0
4314	143.7676	0
4315	143.8009	0
4316	143.8342	0
4317	143.8676	0
4318	143.9009	0
4319	143.9342	0
4320	143.9676	0
4321	144.0009	0
4322	144.0342	0
4323	144.0676	0
4324	144.1009	0
4325	144.1342	0
4326	144.1676	0
4327	144.2009	0
4328	144.2342	0
4329	144.2676	0
4330	144.3009	0
4331	144.3342	0
4332	144.3676	0
4333	144.4009	0
4334	144.4342	0
4335	144.4676	0
4336	144.5009	0
4337	144.5342	0
4338	144.5676	0
4339	144.6009	0
4340	144.6342	0
4341	144.6676	0
4342	144.7009	0
4343	144.7342	0
4344	144.7676	0
4345	144.8009	0
4346	144.8342	0
4347	144.8676	0
4348	144.9009	0
4349	144.9342	0
4350	144.9676	0
4351	145.0009	0
4352	145.0342	0
4353	145.0676	0
4354	145.1009	0
4355	145.1342	0
4356	145.1676	0
4357	145.2009	0
4358	145.2342	0
4359	145.2676	0
4360	145.3009	0
4361	145.3342	0
4362	145.3676	0
4363	145.4009	0
4364	145.4342	0
4365	145.4676	0
4366	145.5009	0
4367	145.5342	0
4368	145.5676	0
4369	145.6009	0
4370	145.6342	0
4371	145.6676	0
4372	145.7009	0
4373	145.7342	0
4374	145.7676	0
4375	145.8009	0
4376	145.8342	0
4377	145.8676	0
4378	145.9009	0
4379	145.9342	0
4380	145.9676	0
4381	146.0009	0
4382	146.0342	0
4383	146.0676	0
4384	146.1009	0
4385	146.1342	0
4386	146.1676	0
4387	146.2009	0
4388	146.2342	0
4389	146.2676	0
4390	146.3009	0
4391	146.3342	0
4392	146.3676	0
4393	146.4009	0
4394	146.4342	0
4395	146.4676	0
4396	146.5009	0
4397	146.5342	0
4398	146.5676	0
4399	146.6009	0
4400	146.6342	0
4401	146.6676	0
4402	146.7009	0
4403	146.7342	0
4404	146.7676	0
4405	146.8009	0
4406	146.8342	0
4407	146.8676	0
4408	146.9009	0
4409	146.9342	0
4410	146.9676	0
4411	147.0009	0
4412	147.0342	0
4413	147.0676	0
4414	147.1009	0
4415	147.1342	0
4416	147.1676	0
4417	147.2009	0
4418	147.2342	0
4419	147.2676	0
4420	147.3009	0
4421	147.3342	0
4422	147.3676	0
4423	147.4009	0
4424	147.4343	0
4425	147.4676	0
4426	147.5009	0
4427	147.5343	0
4428	147.5676	0
4429	147.6009	0
4430	147.6343	0
4431	147.6676	0
4432	147.7009	0
4433	147.7343	0
4434	147.7676	0
4435	147.8009	0
4436	147.8343	0
4437	147.8676	0
4438	147.9009	0
4439	147.9343	0
4440	147.9676	0
4441	148.0009	0
4442	148.0343	0
4443	148.0676	0
4444	148.1009	0
4445	148.1343	0
4446	148.1676	0
4447	148.2009	0
4448	148.2343	0
4449	148.2676	0
4450	148.3009	0
4451	148.3343	0
4452	148.3676	0
4453	148.4009	0
4454	148.4343	0
4455	148.4676	0
4456	148.5009	0
4457	148.5343	0
4458	148.5676	0
4459	148.6009	0
4460	148.6343	0
4461	148.6676	0
4462	148.7009	0
4463	148.7343	0
4464	148.7676	0
4465	148.8009	0
4466	148.8343	0
4467	148.8676	0
4468	148.9009	0
4469	148.9343	0
4470	148.9676	0
4471	149.0009	0
4472	149.0343	0
4473	149.0676	0
4474	149.1009	0
4475	149.1343	0
4476	149.1676	0
4477	149.2009	0
4478	149.2343	0
4479	149.2676	0
4480	149.3009	0
4481	149.3343	0
4482	149.3676	0
4483	149.4009	0
4484	149.4343	0
4485	149.4676	0
4486	149.5009	0
4487	149.5343	0
4488	149.5676	0
4489	149.6009	0
4490	149.6343	0
4491	149.6676	0
4492	149.7009	0
4493	149.7343	0
4494	149.7676	0
4495	149.8009	0
4496	149.8343	0
4497	149.8676	0
4498	149.9009	0
4499	149.9343	0
4500	149.9676	0
4501	150.0009	0
4502	150.0343	0
4503	150.0676	0
4504	150.1009	0
4505	150.1343	0
4506	150.1676	0
4507	150.2009	0
4508	150.2343	0
4509	150.2676	0
4510	150.3009	0
4511	150.3343	0
4512	150.3676	0
4513	150.4009	0
4514	150.4343	0
4515	150.4676	0
4516	150.5009	0
4517	150.5343	0
4518	150.5676	0
4519	150.6009	0
4520	150.6343	0
4521	150.6676	1
4522	150.7009	1
4523	150.7343	1
4524	150.7676	1
4525	150.8009	1
4526	150.8343	1
4527	150.8676	1
4528	150.9009	1
4529	150.9343	1
4530	150.9676	1
4531	151.0009	1
4532	151.0343	1
4533	151.0676	1
4534	151.1009	1
4535	151.1343	1
4536	151.1676	1
4537	151.2009	1
4538	151.2343	1
4539	151.2676	1
4540	151.3009	1
4541	151.3343	1
4542	151.3676	1
4543	151.4009	1
4544	151.4343	1
4545	151.4676	1
4546	151.5009	1
4547	151.5343	1
4548	151.5676	1
4549	151.6009	1
4550	151.6343	1
4551	151.6676	1
4552	151.7009	1
4553	151.7343	1
4554	151.7676	1
4555	151.8009	1
4556	151.8343	1
4557	151.8676	1
4558	151.9009	1
4559	151.9343	1
4560	151.9676	0
4561	152.0009	0
4562	152.0343	0
4563	152.0676	0
4564	152.1009	0
4565	152.1343	0
4566	152.1676	0
4567	152.2009	0
4568	152.2343	0
4569	152.2676	0
4570	152.3009	0
4571	152.3343	0
4572	152.3676	0
4573	152.4009	0
4574	152.4343	0
4575	152.4676	0
4576	152.5009	0
4577	152.5343	0
4578	152.5676	0
4579	152.6009	0
4580	152.6343	0
4581	152.6676	1
4582	152.7009	1
4583	152.7343	1
4584	152.7676	1
4585	152.8010	1
4586	152.8343	1
4587	152.8676	1
4588	152.9010	1
4589	152.9343	1
4590	152.9676	1
4591	153.0010	1
4592	153.0343	1
4593	153.0676	1
4594	153.1010	1
4595	153.1343	1
4596	153.1676	1
4597	153.2010	1
4598	153.2343	1
4599	153.2676	1
4600	153.3010	1
4601	153.3343	1
4602	153.3676	1
4603	153.4010	1
4604	153.4343	1
4605	153.4676	1
4606	153.5010	1
4607	153.5343	1
4608	153.5676	1
4609	153.6010	1
4610	153.6343	1
4611	153.6676	1
4612	153.7010	1
4613	153.7343	1
4614	153.7676	1
4615	153.8010	1
4616	153.8343	1
4617	153.8676	1
4618	153.9010	1
4619	153.9343	1
4620	153.9676	1
4621	154.0010	1
4622	154.0343	1
4623	154.0676	1
4624	154.1010	1
4625	154.1343	1
4626	154.1676	1
4627	154.2010	1
4628	154.2343	1
4629	154.2676	1
4630	154.3010	1
4631	154.3343	1
4632	154.3676	1
4633	154.4010	1
4634	154.4343	1
4635	154.4676	1
4636	154.5010	1
4637	154.5343	1
4638	154.5676	1
4639	154.6010	1
4640	154.6343	1
4641	154.6676	1
4642	154.7010	1
4643	154.7343	1
4644	154.7676	1
4645	154.8010	1
4646	154.8343	1
4647	154.8676	1
4648	154.9010	1
4649	154.9343	1
4650	154.9676	1
4651	155.0010	1
4652	155.0343	1
4653	155.0676	0
4654	155.1010	0
4655	155.1343	0
4656	155.1676	0
4657	155.2010	0
4658	155.2343	0
4659	155.2676	0
4660	155.3010	0
4661	155.3343	0
4662	155.3676	0
4663	155.4010	0
4664	155.4343	0
4665	155.4676	0
4666	155.5010	0
4667	155.5343	0
4668	155.5676	0
4669	155.6010	0
4670	155.6343	0
4671	155.6676	0
4672	155.7010	0
4673	155.7343	0
4674	155.7676	0
4675	155.8010	0
4676	155.8343	0
4677	155.8676	0
4678	155.9010	0
4679	155.9343	0
4680	155.9676	0
4681	156.0010	0
4682	156.0343	0
4683	156.0676	0
4684	156.1010	0
4685	156.1343	0
4686	156.1676	0
4687	156.2010	0
4688	156.2343	0
4689	156.2676	0
4690	156.3010	0
4691	156.3343	0
4692	156.3676	0
4693	156.4010	0
4694	156.4343	0
4695	156.4676	0
4696	156.5010	0
4697	156.5343	0
4698	156.5676	0
4699	156.6010	0
4700	156.6343	0
4701	156.6676	0
4702	156.7010	0
4703	156.7343	0
4704	156.7676	0
4705	156.8010	0
4706	156.8343	0
4707	156.8676	0
4708	156.9010	0
4709	156.9343	0
4710	156.9676	0
4711	157.0010	0
4712	157.0343	0
4713	157.0676	0
4714	157.1010	1
4715	157.1343	1
4716	157.1676	1
4717	157.2010	1
4718	157.2343	1
4719	157.2676	1
4720	157.3010	1
4721	157.3343	1
4722	157.3676	1
4723	157.4010	1
4724	157.4343	1
4725	157.4676	1
4726	157.5010	1
4727	157.5343	1
4728	157.5676	1
4729	157.6010	1
4730	157.6343	1
4731	157.6676	1
4732	157.7010	1
4733	157.7343	1
4734	157.7676	1
4735	157.8010	1
4736	157.8343	1
4737	157.8676	1
4738	157.9010	1
4739	157.9343	1
4740	157.9676	1
4741	158.0010	1
4742	158.0343	1
4743	158.0676	1
4744	158.1010	1
4745	158.1343	1
4746	158.1677	1
4747	158.2010	1
4748	158.2343	1
4749	158.2677	1
4750	158.3010	1
4751	158.3343	1
4752	158.3677	1
4753	158.4010	1
4754	158.4343	1
4755	158.4677	1
4756	158.5010	1
4757	158.5343	1
4758	158.5677	1
4759	158.6010	1
4760	158.6343	1
4761	158.6677	1
4762	158.7010	1
4763	158.7343	1
4764	158.7677	1
4765	158.8010	1
4766	158.8343	1
4767	158.8677	1
4768	158.9010	1
4769	158.9334	1
4770	158.9667	1
4771	159.0001	0
4772	159.0334	0
4773	159.0667	0
4774	159.1001	0
4775	159.1334	0
4776	159.1667	0
4777	159.2001	0
4778	159.2334	0
4779	159.2667	0
4780	159.3001	0
4781	159.3334	0
4782	159.3667	0
4783	159.4001	0
4784	159.4334	0
4785	159.4667	0
4786	159.5001	0
4787	159.5334	0
4788	159.5667	0
4789	159.6001	0
4790	159.6334	0
4791	159.6667	0
4792	159.7001	0
4793	159.7334	0
4794	159.7667	0
4795	159.8001	0
4796	159.8334	0
4797	159.8667	0
4798	159.9001	0
4799	159.9334	0
4800	159.9667	0
4801	160.0001	0
4802	160.0334	0
4803	160.0667	0
4804	160.1001	0
4805	160.1334	0
4806	160.1667	0
4807	160.2001	0
4808	160.2334	0
4809	160.2667	0
4810	160.3001	0
4811	160.3334	0
4812	160.3667	0
4813	160.4001	0
4814	160.4334	0
4815	160.4667	0
4816	160.5001	0
4817	160.5334	0
4818	160.5667	0
4819	160.6001	0
4820	160.6334	0
4821	160.6667	0
4822	160.7001	0
4823	160.7334	0
4824	160.7667	0
4825	160.8001	0
4826	160.8334	0
4827	160.8667	0
4828	160.9001	0
4829	160.9334	0
4830	160.9667	0
4831	161.0001	0
4832	161.0334	0
4833	161.0667	0
4834	161.1001	0
4835	161.1334	0
4836	161.1667	0
4837	161.2001	0
4838	161.2334	0
4839	161.2667	0
4840	161.3001	0
4841	161.3334	0
4842	161.3667	0
4843	161.4001	0
4844	161.4334	0
4845	161.4667	0
4846	161.5001	0
4847	161.5334	0
4848	161.5667	0
4849	161.6001	0
4850	161.6334	0
4851	161.6667	0
4852	161.7001	0
4853	161.7334	0
4854	161.7667	0
4855	161.8001	0
4856	161.8334	0
4857	161.8667	0
4858	161.9001	0
4859	161.9334	0
	

[ENDCODE]
