[SUBJECTNAME]=sn002
[AGE]=
[FIELD1]=eye-gaze
[FIELD2]=
[FIELD3]=
[FIELD4]=
[FIELD5]=
[FIELD6]=
[CODER]=
[VIDEOFILE]=G:\Backup experiment\SN002_Blake\SN002_02_03_F.avi
[RESOLUTION]=30.0002
[STARTCODES]

4530	150.9658	1
4531	150.9991	1
4532	151.0325	1
4533	151.0658	1
4534	151.0991	1
4535	151.1325	1
4536	151.1658	1
4537	151.1991	1
4538	151.2325	1
4539	151.2658	1
4540	151.2991	1
4541	151.3325	1
4542	151.3658	1
4543	151.3991	1
4544	151.4325	1
4545	151.4658	1
4546	151.4991	1
4547	151.5325	1
4548	151.5658	0
4549	151.5991	0
4550	151.6325	0
4551	151.6658	0
4552	151.6991	0
4553	151.7325	0
4554	151.7658	0
4555	151.7991	0
4556	151.8325	0
4557	151.8658	0
4558	151.8991	0
4559	151.9325	0
4560	151.9658	1
4561	151.9991	1
4562	152.0325	1
4563	152.0658	1
4564	152.0991	1
4565	152.1325	1
4566	152.1658	1
4567	152.1991	1
4568	152.2325	1
4569	152.2658	1
4570	152.2991	1
4571	152.3325	1
4572	152.3658	1
4573	152.3991	1
4574	152.4325	1
4575	152.4658	1
4576	152.4991	1
4577	152.5325	1
4578	152.5658	1
4579	152.5991	1
4580	152.6324	1
4581	152.6658	1
4582	152.6991	1
4583	152.7324	1
4584	152.7658	1
4585	152.7991	1
4586	152.8324	1
4587	152.8658	1
4588	152.8991	1
4589	152.9324	1
4590	152.9658	1
4591	152.9991	1
4592	153.0324	1
4593	153.0658	1
4594	153.0991	1
4595	153.1324	1
4596	153.1658	1
4597	153.1991	1
4598	153.2324	1
4599	153.2658	1
4600	153.2991	1
4601	153.3324	1
4602	153.3658	1
4603	153.3991	1
4604	153.4324	1
4605	153.4658	1
4606	153.4991	1
4607	153.5324	1
4608	153.5658	1
4609	153.5991	1
4610	153.6324	1
4611	153.6658	1
4612	153.6991	1
4613	153.7324	1
4614	153.7658	1
4615	153.7991	1
4616	153.8324	1
4617	153.8658	1
4618	153.8991	1
4619	153.9324	1
4620	153.9658	1
4621	153.9991	1
4622	154.0324	1
4623	154.0658	1
4624	154.0991	1
4625	154.1324	1
4626	154.1658	1
4627	154.1991	1
4628	154.2324	1
4629	154.2658	1
4630	154.2991	1
4631	154.3324	1
4632	154.3658	1
4633	154.3991	1
4634	154.4324	1
4635	154.4658	1
4636	154.4991	1
4637	154.5324	1
4638	154.5658	1
4639	154.5991	1
4640	154.6324	1
4641	154.6658	1
4642	154.6991	1
4643	154.7324	1
4644	154.7658	0
4645	154.7991	0
4646	154.8324	0
4647	154.8658	0
4648	154.8991	0
4649	154.9324	0
4650	154.9658	0
4651	154.9991	0
4652	155.0324	0
4653	155.0658	0
4654	155.0991	0
4655	155.1324	0
4656	155.1658	0
4657	155.1991	0
4658	155.2324	0
4659	155.2658	0
4660	155.2991	0
4661	155.3324	0
4662	155.3658	1
4663	155.3991	1
4664	155.4324	1
4665	155.4658	1
4666	155.4991	1
4667	155.5324	1
4668	155.5658	1
4669	155.5991	1
4670	155.6324	1
4671	155.6658	1
4672	155.6991	1
4673	155.7324	1
4674	155.7658	1
4675	155.7991	1
4676	155.8324	1
4677	155.8658	1
4678	155.8991	1
4679	155.9324	1
4680	155.9658	1
4681	155.9991	1
4682	156.0324	1
4683	156.0658	1
4684	156.0991	1
4685	156.1324	1
4686	156.1658	1
4687	156.1991	1
4688	156.2324	1
4689	156.2658	1
4690	156.2991	1
4691	156.3324	1
4692	156.3658	1
4693	156.3991	1
4694	156.4324	1
4695	156.4658	1
4696	156.4991	1
4697	156.5324	1
4698	156.5658	1
4699	156.5991	1
4700	156.6324	1
4701	156.6658	1
4702	156.6991	1
4703	156.7324	1
4704	156.7658	1
4705	156.7991	1
4706	156.8324	1
4707	156.8658	1
4708	156.8991	1
4709	156.9324	1
4710	156.9658	1
4711	156.9991	1
4712	157.0324	1
4713	157.0658	1
4714	157.0991	1
4715	157.1324	1
4716	157.1658	1
4717	157.1991	1
4718	157.2324	1
4719	157.2658	1
4720	157.2991	1
4721	157.3324	1
4722	157.3658	1
4723	157.3991	1
4724	157.4324	1
4725	157.4658	1
4726	157.4991	1
4727	157.5324	1
4728	157.5658	1
4729	157.5991	1
4730	157.6324	1
4731	157.6658	1
4732	157.6991	1
4733	157.7324	1
4734	157.7658	1
4735	157.7991	0
4736	157.8324	0
4737	157.8658	0
4738	157.8991	0
4739	157.9324	0
4740	157.9658	0
4741	157.9991	0
4742	158.0324	0
4743	158.0658	0
4744	158.0991	0
4745	158.1324	0
4746	158.1658	0
4747	158.1991	0
4748	158.2324	0
4749	158.2658	0
4750	158.2991	0
4751	158.3324	0
4752	158.3658	0
4753	158.3991	0
4754	158.4324	0
4755	158.4657	0
4756	158.4991	0
4757	158.5324	0
4758	158.5657	0
4759	158.5991	0
4760	158.6324	0
4761	158.6657	0
4762	158.6991	0
4763	158.7324	0
4764	158.7657	0
4765	158.7991	0
4766	158.8324	0
4767	158.8657	0
4768	158.8991	0
4769	158.9324	0
4770	158.9657	0
4771	158.9991	0
4772	159.0324	0
4773	159.0657	0
4774	159.0991	0
4775	159.1324	0
4776	159.1657	0
4777	159.1991	0
4778	159.2324	0
4779	159.2657	0
4780	159.2991	0
4781	159.3324	0
4782	159.3657	0
4783	159.3991	0
4784	159.4324	0
4785	159.4657	0
4786	159.4991	0
4787	159.5324	0
4788	159.5657	0
4789	159.5991	0
4790	159.6324	0
4791	159.6657	0
4792	159.6991	0
4793	159.7324	1
4794	159.7657	1
4795	159.7991	1
4796	159.8324	1
4797	159.8657	1
4798	159.8991	1
4799	159.9324	1
4800	159.9657	1
4801	159.9991	1
4802	160.0324	1
4803	160.0657	1
4804	160.0991	1
4805	160.1324	1
4806	160.1657	1
4807	160.1991	1
4808	160.2324	1
4809	160.2657	1
4810	160.2991	1
4811	160.3324	1
4812	160.3657	1
4813	160.3991	1
4814	160.4324	1
4815	160.4657	1
4816	160.4991	1
4817	160.5324	1
4818	160.5657	1
4819	160.5991	1
4820	160.6324	1
4821	160.6657	1
4822	160.6991	1
4823	160.7324	1
4824	160.7657	1
4825	160.7991	1
4826	160.8324	1
4827	160.8657	1
4828	160.8991	1
4829	160.9324	1
4830	160.9657	1
4831	160.9991	1
4832	161.0324	1
4833	161.0657	1
4834	161.0991	0
4835	161.1324	0
4836	161.1657	0
4837	161.1991	0
4838	161.2324	0
4839	161.2657	0
4840	161.2991	0
4841	161.3324	0
4842	161.3657	0
4843	161.3991	0
4844	161.4324	0
4845	161.4657	0
4846	161.4991	0
4847	161.5324	0
4848	161.5657	0
4849	161.5991	0
4850	161.6324	0
4851	161.6657	0
4852	161.6991	0
4853	161.7324	0
4854	161.7657	0
4855	161.7991	0
4856	161.8324	0
4857	161.8657	0
4858	161.8991	0
4859	161.9324	0
4860	161.9657	0
4861	161.9991	0
4862	162.0324	0
4863	162.0657	0
4864	162.0991	0
4865	162.1324	0
4866	162.1657	0
4867	162.1991	0
4868	162.2324	0
4869	162.2657	0
4870	162.2991	0
4871	162.3324	0
4872	162.3657	0
4873	162.3991	1
4874	162.4324	1
4875	162.4657	1
4876	162.4991	1
4877	162.5324	1
4878	162.5657	1
4879	162.5991	1
4880	162.6324	1
4881	162.6657	1
4882	162.6991	1
4883	162.7324	1
4884	162.7657	1
4885	162.7991	1
4886	162.8324	1
4887	162.8657	1
4888	162.8991	1
4889	162.9324	1
4890	162.9657	1
4891	162.9991	1
4892	163.0324	1
4893	163.0657	1
4894	163.0991	1
4895	163.1324	1
4896	163.1657	1
4897	163.1991	1
4898	163.2324	1
4899	163.2657	1
4900	163.2991	1
4901	163.3324	1
4902	163.3657	1
4903	163.3991	1
4904	163.4324	1
4905	163.4657	1
4906	163.4991	1
4907	163.5324	1
4908	163.5657	1
4909	163.5991	1
4910	163.6324	1
4911	163.6657	1
4912	163.6991	1
4913	163.7324	1
4914	163.7657	1
4915	163.7991	1
4916	163.8324	1
4917	163.8657	1
4918	163.8991	1
4919	163.9324	1
4920	163.9657	1
4921	163.9991	1
4922	164.0324	1
4923	164.0657	1
4924	164.0991	1
4925	164.1324	1
4926	164.1657	1
4927	164.1990	1
4928	164.2324	1
4929	164.2657	1
4930	164.2990	1
4931	164.3324	1
4932	164.3657	1
4933	164.3990	1
4934	164.4324	1
4935	164.4657	1
4936	164.4990	1
4937	164.5324	1
4938	164.5657	1
4939	164.5990	1
4940	164.6324	1
4941	164.6657	1
4942	164.6990	1
4943	164.7324	1
4944	164.7657	1
4945	164.7990	1
4946	164.8324	1
4947	164.8657	1
4948	164.8990	1
4949	164.9324	1
4950	164.9657	1
4951	164.9990	1
4952	165.0324	1
4953	165.0657	1
4954	165.0990	1
4955	165.1324	1
4956	165.1657	1
4957	165.1990	1
4958	165.2324	1
4959	165.2657	1
4960	165.2990	1
4961	165.3324	1
4962	165.3657	1
4963	165.3990	1
4964	165.4324	1
4965	165.4657	1
4966	165.4990	1
4967	165.5324	1
4968	165.5657	1
4969	165.5990	1
4970	165.6324	1
4971	165.6657	1
4972	165.6990	1
4973	165.7324	1
4974	165.7657	1
4975	165.7990	0
4976	165.8324	0
4977	165.8657	0
4978	165.8990	0
4979	165.9324	0
4980	165.9657	0
4981	165.9990	0
4982	166.0324	0
4983	166.0657	0
4984	166.0990	0
4985	166.1324	0
4986	166.1657	0
4987	166.1990	0
4988	166.2324	0
4989	166.2657	0
4990	166.2990	0
4991	166.3324	0
4992	166.3657	0
4993	166.3990	0
4994	166.4324	0
4995	166.4657	0
4996	166.4990	0
4997	166.5324	0
4998	166.5657	0
4999	166.5990	0
5000	166.6324	0
5001	166.6657	0
5002	166.6990	0
5003	166.7324	0
5004	166.7657	0
5005	166.7990	0
5006	166.8324	0
5007	166.8657	0
5008	166.8990	0
5009	166.9324	0
5010	166.9657	0
5011	166.9990	0
5012	167.0324	0
5013	167.0657	0
5014	167.0990	0
5015	167.1324	0
5016	167.1657	0
5017	167.1990	0
5018	167.2324	0
5019	167.2657	0
5020	167.2990	0
5021	167.3324	0
5022	167.3657	0
5023	167.3990	0
5024	167.4324	0
5025	167.4657	0
5026	167.4990	0
5027	167.5324	0
5028	167.5657	0
5029	167.5990	0
5030	167.6324	0
5031	167.6657	1
5032	167.6990	1
5033	167.7324	1
5034	167.7657	1
5035	167.7990	1
5036	167.8324	1
5037	167.8657	1
5038	167.8990	1
5039	167.9324	1
5040	167.9657	1
5041	167.9990	1
5042	168.0324	1
5043	168.0657	1
5044	168.0990	1
5045	168.1324	1
5046	168.1657	1
5047	168.1990	1
5048	168.2324	1
5049	168.2657	1
5050	168.2990	1
5051	168.3324	1
5052	168.3657	1
5053	168.3990	1
5054	168.4324	1
5055	168.4657	1
5056	168.4990	1
5057	168.5324	1
5058	168.5657	1
5059	168.5990	1
5060	168.6324	1
5061	168.6657	1
5062	168.6990	1
5063	168.7324	1
5064	168.7657	1
5065	168.7990	1
5066	168.8324	1
5067	168.8657	1
5068	168.8990	1
5069	168.9324	0
5070	168.9657	0
5071	168.9990	0
5072	169.0324	0
5073	169.0657	0
5074	169.0990	0
5075	169.1324	0
5076	169.1657	0
5077	169.1990	0
5078	169.2324	0
5079	169.2657	0
5080	169.2990	0
5081	169.3324	0
5082	169.3657	0
5083	169.3990	0
5084	169.4324	0
5085	169.4657	0
5086	169.4990	0
5087	169.5324	0
5088	169.5657	0
5089	169.5990	0
5090	169.6324	0
5091	169.6657	0
5092	169.6990	0
5093	169.7324	0
5094	169.7657	0
5095	169.7990	0
5096	169.8324	0
5097	169.8657	0
5098	169.8990	0
5099	169.9323	0
5100	169.9657	0
5101	169.9990	0
5102	170.0323	0
5103	170.0657	0
5104	170.0990	0
5105	170.1323	0
5106	170.1657	0
5107	170.1990	0
5108	170.2323	0
5109	170.2657	0
5110	170.2990	0
5111	170.3323	0
5112	170.3657	0
5113	170.3990	0
5114	170.4323	0
5115	170.4657	0
5116	170.4990	0
5117	170.5323	0
5118	170.5657	0
5119	170.5990	0
5120	170.6323	0
5121	170.6657	0
5122	170.6990	0
5123	170.7323	0
5124	170.7657	0
5125	170.7990	0
5126	170.8323	0
5127	170.8657	0
5128	170.8990	0
5129	170.9323	0
5130	170.9657	0
5131	170.9990	0
5132	171.0323	0
5133	171.0657	0
5134	171.0990	0
5135	171.1323	0
5136	171.1657	0
5137	171.1990	0
5138	171.2323	0
5139	171.2657	0
5140	171.2990	0
5141	171.3323	0
5142	171.3657	0
5143	171.3990	0
5144	171.4323	0
5145	171.4657	0
5146	171.4990	0
5147	171.5323	0
5148	171.5657	0
5149	171.5990	0
5150	171.6323	0
5151	171.6657	0
5152	171.6990	0
5153	171.7323	0
5154	171.7657	0
5155	171.7990	0
5156	171.8323	0
5157	171.8657	0
5158	171.8990	0
5159	171.9323	0
5160	171.9657	0
5161	171.9990	0
5162	172.0323	0
5163	172.0657	0
5164	172.0990	0
5165	172.1323	0
5166	172.1657	0
5167	172.1990	0
5168	172.2323	0
5169	172.2657	0
5170	172.2990	0
5171	172.3323	0
5172	172.3657	0
5173	172.3990	0
5174	172.4323	0
5175	172.4657	0
5176	172.4990	0
5177	172.5323	0
5178	172.5657	0
5179	172.5990	0
5180	172.6323	0
5181	172.6657	0
5182	172.6990	0
5183	172.7323	1
5184	172.7657	1
5185	172.7990	1
5186	172.8323	1
5187	172.8657	1
5188	172.8990	1
5189	172.9323	1
5190	172.9657	1
5191	172.9990	1
5192	173.0323	1
5193	173.0657	1
5194	173.0990	1
5195	173.1323	1
5196	173.1657	1
5197	173.1990	1
5198	173.2323	1
5199	173.2657	1
5200	173.2990	1
5201	173.3323	1
5202	173.3657	1
5203	173.3990	1
5204	173.4323	1
5205	173.4657	1
5206	173.4990	1
5207	173.5323	1
5208	173.5657	1
5209	173.5990	0
5210	173.6323	0
5211	173.6657	0
5212	173.6990	0
5213	173.7323	0
5214	173.7657	0
5215	173.7990	0
5216	173.8323	0
5217	173.8657	0
5218	173.8990	0
5219	173.9323	0
5220	173.9657	0
5221	173.9990	0
5222	174.0323	1
5223	174.0657	1
5224	174.0990	1
5225	174.1323	1
5226	174.1657	1
5227	174.1990	1
5228	174.2323	1
5229	174.2657	1
5230	174.2990	1
5231	174.3323	1
5232	174.3657	1
5233	174.3990	1
5234	174.4323	1
5235	174.4657	1
5236	174.4990	1
5237	174.5323	1
5238	174.5657	1
5239	174.5990	1
5240	174.6323	1
5241	174.6657	1
5242	174.6990	1
5243	174.7323	1
5244	174.7657	1
5245	174.7990	1
5246	174.8323	1
5247	174.8657	1
5248	174.8990	1
5249	174.9323	1
5250	174.9657	1
5251	174.9990	1
5252	175.0323	1
5253	175.0657	1
5254	175.0990	1
5255	175.1323	1
5256	175.1657	1
5257	175.1990	1
5258	175.2323	1
5259	175.2657	1
5260	175.2990	1
5261	175.3323	1
5262	175.3657	1
5263	175.3990	1
5264	175.4323	1
5265	175.4657	1
5266	175.4990	1
5267	175.5323	1
5268	175.5657	1
5269	175.5990	1
5270	175.6323	1
5271	175.6656	1
5272	175.6990	1
5273	175.7323	1
5274	175.7656	1
5275	175.7990	1
5276	175.8323	1
5277	175.8656	1
5278	175.8990	1
5279	175.9323	1
5280	175.9656	1
5281	175.9990	1
5282	176.0323	1
5283	176.0656	1
5284	176.0990	1
5285	176.1323	1
5286	176.1656	1
5287	176.1990	1
5288	176.2323	1
5289	176.2656	1
5290	176.2990	1
5291	176.3323	1
5292	176.3656	1
5293	176.3990	1
5294	176.4323	1
5295	176.4656	1
5296	176.4990	1
5297	176.5323	1
5298	176.5656	1
5299	176.5990	1
5300	176.6323	1
5301	176.6656	1
5302	176.6990	1
5303	176.7323	1
5304	176.7656	1
5305	176.7990	1
5306	176.8323	1
5307	176.8656	1
5308	176.8990	1
5309	176.9323	1
5310	176.9656	1
5311	176.9990	1
5312	177.0323	1
5313	177.0656	1
5314	177.0990	1
5315	177.1323	1
5316	177.1656	1
5317	177.1990	1
5318	177.2323	1
5319	177.2656	1
5320	177.2990	1
5321	177.3323	1
5322	177.3656	1
5323	177.3990	1
5324	177.4323	1
5325	177.4656	1
5326	177.4990	1
5327	177.5323	1
5328	177.5656	1
5329	177.5990	1
5330	177.6323	1
5331	177.6656	1
5332	177.6990	1
5333	177.7323	1
5334	177.7656	1
5335	177.7990	1
5336	177.8323	1
5337	177.8656	1
5338	177.8990	1
5339	177.9323	1
5340	177.9656	1
5341	177.9990	1
5342	178.0323	1
5343	178.0656	1
5344	178.0990	1
5345	178.1323	1
5346	178.1656	1
5347	178.1990	1
5348	178.2323	1
5349	178.2656	1
5350	178.2990	1
5351	178.3323	1
5352	178.3656	1
5353	178.3990	1
5354	178.4323	1
5355	178.4656	1
5356	178.4990	1
5357	178.5323	1
5358	178.5656	1
5359	178.5990	1
5360	178.6323	1
5361	178.6656	1
5362	178.6990	1
5363	178.7323	1
5364	178.7656	1
5365	178.7990	1
5366	178.8323	1
5367	178.8656	1
5368	178.8990	1
5369	178.9323	1
5370	178.9656	1
5371	178.9990	1
5372	179.0323	1
5373	179.0656	1
5374	179.0990	1
5375	179.1323	1
5376	179.1656	1
5377	179.1990	1
5378	179.2323	1
5379	179.2656	1
5380	179.2990	1
5381	179.3323	1
5382	179.3656	1
5383	179.3990	1
5384	179.4323	1
5385	179.4656	1
5386	179.4990	1
5387	179.5323	1
5388	179.5656	1
5389	179.5990	1
5390	179.6323	1
5391	179.6656	1
5392	179.6990	1
5393	179.7323	1
5394	179.7656	1
5395	179.7990	1
5396	179.8323	1
5397	179.8656	1
5398	179.8990	1
5399	179.9323	1
5400	179.9656	1
5401	179.9990	0
5402	180.0323	0
5403	180.0656	0
5404	180.0990	0
5405	180.1323	0
5406	180.1656	0
5407	180.1990	0
5408	180.2323	0
5409	180.2656	0
5410	180.2990	0
5411	180.3323	0
5412	180.3656	0
5413	180.3990	0
5414	180.4323	0
5415	180.4656	0
5416	180.4990	0
5417	180.5323	0
5418	180.5656	0
5419	180.5990	0
5420	180.6323	0
5421	180.6656	0
5422	180.6990	0
5423	180.7323	0
5424	180.7656	0
5425	180.7990	0
5426	180.8323	0
5427	180.8656	0
5428	180.8990	1
5429	180.9323	0
5430	180.9656	1
5431	180.9990	1
5432	181.0323	1
5433	181.0656	1
5434	181.0990	1
5435	181.1323	1
5436	181.1656	1
5437	181.1990	1
5438	181.2323	1
5439	181.2656	1
5440	181.2990	1
5441	181.3323	1
5442	181.3656	1
5443	181.3990	1
5444	181.4323	1
5445	181.4656	1
5446	181.4989	1
5447	181.5323	1
5448	181.5656	1
5449	181.5989	1
5450	181.6323	1
5451	181.6656	1
5452	181.6989	1
5453	181.7323	1
5454	181.7656	1
5455	181.7989	1
5456	181.8323	1
5457	181.8656	1
5458	181.8989	1
5459	181.9323	1
5460	181.9656	1
5461	181.9989	1
5462	182.0323	1
5463	182.0656	1
5464	182.0989	1
5465	182.1323	1
5466	182.1656	1
5467	182.1989	1
5468	182.2323	1
5469	182.2656	1
5470	182.2989	1
5471	182.3323	1
5472	182.3656	1
5473	182.3989	1
5474	182.4323	1
5475	182.4656	1
5476	182.4989	1
5477	182.5323	1
5478	182.5656	1
5479	182.5989	1
5480	182.6323	1
5481	182.6656	1
5482	182.6989	1
5483	182.7323	1
5484	182.7656	1
5485	182.7989	1
5486	182.8323	1
5487	182.8656	1
5488	182.8989	1
5489	182.9323	1
5490	182.9656	1
5491	182.9989	1
5492	183.0323	1
5493	183.0656	1
5494	183.0989	1
5495	183.1323	1
5496	183.1656	1
5497	183.1989	1
5498	183.2323	1
5499	183.2656	1
5500	183.2989	1
5501	183.3323	1
5502	183.3656	1
5503	183.3989	1
5504	183.4323	1
5505	183.4656	1
5506	183.4989	1
5507	183.5323	1
5508	183.5656	1
5509	183.5989	1
5510	183.6323	1
5511	183.6656	1
5512	183.6989	1
5513	183.7323	1
5514	183.7656	1
5515	183.7989	1
5516	183.8323	1
5517	183.8656	1
5518	183.8989	1
5519	183.9323	1
5520	183.9656	1
5521	183.9989	1
5522	184.0323	1
5523	184.0656	1
5524	184.0989	1
5525	184.1323	1
5526	184.1656	1
5527	184.1989	1
5528	184.2323	1
5529	184.2656	1
5530	184.2989	1
5531	184.3323	1
5532	184.3656	1
5533	184.3989	1
5534	184.4323	1
5535	184.4656	1
5536	184.4989	1
5537	184.5323	1
5538	184.5656	1
5539	184.5989	1
5540	184.6323	1
5541	184.6656	1
5542	184.6989	1
5543	184.7323	1
5544	184.7656	1
5545	184.7989	1
5546	184.8323	1
5547	184.8656	1
5548	184.8989	1
5549	184.9323	1
5550	184.9656	1
5551	184.9989	1
5552	185.0323	1
5553	185.0656	1
5554	185.0989	1
5555	185.1323	1
5556	185.1656	1
5557	185.1989	1
5558	185.2323	1
5559	185.2656	1
5560	185.2989	1
5561	185.3323	1
5562	185.3656	1
5563	185.3989	1
5564	185.4323	1
5565	185.4656	1
5566	185.4989	1
5567	185.5323	1
5568	185.5656	1
5569	185.5989	1
5570	185.6323	1
5571	185.6656	1
5572	185.6989	1
5573	185.7323	1
5574	185.7656	1
5575	185.7989	1
5576	185.8323	1
5577	185.8656	1
5578	185.8989	1
5579	185.9323	1
5580	185.9656	1
5581	185.9989	1
5582	186.0323	1
5583	186.0656	1
5584	186.0989	1
5585	186.1323	1
5586	186.1656	1
5587	186.1989	1
5588	186.2323	1
5589	186.2656	1
5590	186.2989	1
5591	186.3323	1
5592	186.3656	1
5593	186.3989	1
5594	186.4323	1
5595	186.4656	1
5596	186.4989	1
5597	186.5323	1
5598	186.5656	1
5599	186.5989	1
5600	186.6323	1
5601	186.6656	1
5602	186.6989	1
5603	186.7323	1
5604	186.7656	1
5605	186.7989	1
5606	186.8323	1
5607	186.8656	1
5608	186.8989	1
5609	186.9323	1
5610	186.9656	1
5611	186.9989	1
5612	187.0323	1
5613	187.0656	1
5614	187.0989	1
5615	187.1323	1
5616	187.1656	1
5617	187.1989	1
5618	187.2322	1
5619	187.2656	1
5620	187.2989	1
5621	187.3322	1
5622	187.3656	1
5623	187.3989	1
5624	187.4322	1
5625	187.4656	1
5626	187.4989	1
5627	187.5322	1
5628	187.5656	1
5629	187.5989	1
5630	187.6322	1
5631	187.6656	1
5632	187.6989	1
5633	187.7322	1
5634	187.7656	1
5635	187.7989	1
5636	187.8322	1
5637	187.8656	1
5638	187.8989	1
5639	187.9322	1
5640	187.9656	1
5641	187.9989	1
5642	188.0322	1
5643	188.0656	1
5644	188.0989	1
5645	188.1322	1
5646	188.1656	1
5647	188.1989	1
5648	188.2322	1
5649	188.2656	1
5650	188.2989	1
5651	188.3322	1
5652	188.3656	1
5653	188.3989	1
5654	188.4322	1
5655	188.4656	1
5656	188.4989	1
5657	188.5322	1
5658	188.5656	1
5659	188.5989	1
5660	188.6322	1
5661	188.6656	1
5662	188.6989	1
5663	188.7322	1
5664	188.7656	1
5665	188.7989	1
5666	188.8322	1
5667	188.8656	1
5668	188.8989	1
5669	188.9322	1
5670	188.9656	1
5671	188.9989	1
5672	189.0322	1
5673	189.0656	1
5674	189.0989	1
5675	189.1322	1
5676	189.1656	1
5677	189.1989	1
5678	189.2322	1
5679	189.2656	1
5680	189.2989	1
5681	189.3322	1
5682	189.3656	1
5683	189.3989	1
5684	189.4322	1
5685	189.4656	1
5686	189.4989	1
5687	189.5322	1
5688	189.5656	1
5689	189.5989	1
5690	189.6322	1
5691	189.6656	1
5692	189.6989	1
5693	189.7322	1
5694	189.7656	1
5695	189.7989	1
5696	189.8322	1
5697	189.8656	1
5698	189.8989	1
5699	189.9322	1
5700	189.9656	0
5701	189.9989	0
5702	190.0322	0
5703	190.0656	0
5704	190.0989	0
5705	190.1322	0
5706	190.1656	0
5707	190.1989	0
5708	190.2322	0
5709	190.2656	0
5710	190.2989	0
5711	190.3322	0
5712	190.3656	0
5713	190.3989	0
5714	190.4322	0
5715	190.4656	0
5716	190.4989	0
5717	190.5322	0
5718	190.5656	0
5719	190.5989	0
5720	190.6322	0
5721	190.6656	0
5722	190.6989	0
5723	190.7322	0
5724	190.7656	0
5725	190.7989	0
5726	190.8322	0
5727	190.8656	0
5728	190.8989	0
5729	190.9322	0
5730	190.9656	0
5731	190.9989	0
5732	191.0322	0
5733	191.0656	0
5734	191.0989	0
5735	191.1322	0
5736	191.1656	0
5737	191.1989	0
5738	191.2322	0
5739	191.2656	0
5740	191.2989	0
5741	191.3322	0
5742	191.3656	0
5743	191.3989	0
5744	191.4322	0
5745	191.4656	0
5746	191.4989	0
5747	191.5322	0
5748	191.5656	0
5749	191.5989	0
5750	191.6322	0
5751	191.6656	0
5752	191.6989	0
5753	191.7322	0
5754	191.7656	0
5755	191.7989	0
5756	191.8322	0
5757	191.8656	0
5758	191.8989	0
5759	191.9322	0
5760	191.9656	0
5761	191.9989	0
5762	192.0322	0
5763	192.0656	0
5764	192.0989	0
5765	192.1322	0
5766	192.1656	0
5767	192.1989	0
5768	192.2322	0
5769	192.2656	0
5770	192.2989	0
5771	192.3322	0
5772	192.3656	0
5773	192.3989	0
5774	192.4322	0
5775	192.4656	0
5776	192.4989	0
5777	192.5322	0
5778	192.5656	0
5779	192.5989	0
5780	192.6322	0
5781	192.6656	0
5782	192.6989	0
5783	192.7322	0
5784	192.7656	0
5785	192.7989	0
5786	192.8322	0
5787	192.8656	0
5788	192.8989	0
5789	192.9322	0
5790	192.9655	0
5791	192.9989	0
5792	193.0322	0
5793	193.0655	0
5794	193.0989	0
5795	193.1322	0
5796	193.1655	0
5797	193.1989	0
5798	193.2322	0
5799	193.2655	0
5800	193.2989	0
5801	193.3322	0
5802	193.3655	0
5803	193.3989	0
5804	193.4322	0
5805	193.4655	0
5806	193.4989	0
5807	193.5322	0
5808	193.5655	0
5809	193.5989	0
5810	193.6322	0
5811	193.6655	0
5812	193.6989	0
5813	193.7322	1
5814	193.7655	1
5815	193.7989	1
5816	193.8322	1
5817	193.8655	1
5818	193.8989	1
5819	193.9322	1
5820	193.9655	1
5821	193.9989	1
5822	194.0322	1
5823	194.0655	1
5824	194.0989	1
5825	194.1322	1
5826	194.1655	1
5827	194.1989	1
5828	194.2322	1
5829	194.2655	1
5830	194.2989	1
5831	194.3322	1
5832	194.3655	0
5833	194.3989	0
5834	194.4322	0
5835	194.4655	0
5836	194.4989	0
5837	194.5322	0
5838	194.5655	0
5839	194.5989	0
5840	194.6322	0
5841	194.6655	0
5842	194.6989	0
5843	194.7322	0
5844	194.7655	0
5845	194.7989	0
5846	194.8322	0
5847	194.8655	0
5848	194.8989	0
5849	194.9322	0
5850	194.9655	0
5851	194.9989	0
5852	195.0322	0
5853	195.0655	0
5854	195.0989	0
5855	195.1322	0
5856	195.1655	0
5857	195.1989	0
5858	195.2322	0
5859	195.2655	0
5860	195.2989	0
5861	195.3322	0
5862	195.3655	0
5863	195.3989	0
5864	195.4322	0
5865	195.4655	0
5866	195.4989	0
5867	195.5322	0
5868	195.5655	0
5869	195.5989	0
5870	195.6322	0
5871	195.6655	0
5872	195.6989	0
5873	195.7322	0
5874	195.7655	0
5875	195.7989	0
5876	195.8322	0
5877	195.8655	0
5878	195.8989	0
5879	195.9322	0
5880	195.9655	0
5881	195.9989	0
5882	196.0322	0
5883	196.0655	0
5884	196.0989	0
5885	196.1322	0
5886	196.1655	0
5887	196.1989	0
5888	196.2322	0
5889	196.2655	0
5890	196.2989	1
5891	196.3322	1
5892	196.3655	1
5893	196.3989	1
5894	196.4322	1
5895	196.4655	1
5896	196.4989	1
5897	196.5322	1
5898	196.5655	1
5899	196.5989	1
5900	196.6322	1
5901	196.6655	1
5902	196.6989	1
5903	196.7322	1
5904	196.7655	1
5905	196.7989	1
5906	196.8322	1
5907	196.8655	1
5908	196.8989	1
5909	196.9322	1
5910	196.9655	1
5911	196.9989	1
5912	197.0322	1
5913	197.0655	1
5914	197.0989	1
5915	197.1322	1
5916	197.1655	1
5917	197.1989	1
5918	197.2322	1
5919	197.2655	1
5920	197.2989	1
5921	197.3322	1
5922	197.3655	1
5923	197.3989	1
5924	197.4322	1
5925	197.4655	1
5926	197.4989	1
5927	197.5322	1
5928	197.5655	1
5929	197.5989	1
5930	197.6322	1
5931	197.6655	1
5932	197.6989	1
5933	197.7322	1
5934	197.7655	1
5935	197.7989	1
5936	197.8322	1
5937	197.8655	1
5938	197.8989	1
5939	197.9322	1
5940	197.9655	1
5941	197.9989	1
5942	198.0322	1
5943	198.0655	1
5944	198.0989	1
5945	198.1322	1
5946	198.1655	1
5947	198.1989	1
5948	198.2322	1
5949	198.2655	1
5950	198.2989	1
5951	198.3322	1
5952	198.3655	1
5953	198.3989	1
5954	198.4322	1
5955	198.4655	1
5956	198.4989	1
5957	198.5322	1
5958	198.5655	1
5959	198.5989	1
5960	198.6322	1
5961	198.6655	0
5962	198.6988	0
5963	198.7322	0
5964	198.7655	0
5965	198.7988	0
5966	198.8322	0
5967	198.8655	0
5968	198.8988	0
5969	198.9322	0
5970	198.9655	0
5971	198.9988	0
5972	199.0322	0
5973	199.0655	1
5974	199.0988	1
5975	199.1322	1
5976	199.1655	1
5977	199.1988	1
5978	199.2322	1
5979	199.2655	1
5980	199.2988	1
5981	199.3322	1
5982	199.3655	1
5983	199.3988	1
5984	199.4322	1
5985	199.4655	1
5986	199.4988	1
5987	199.5322	1
5988	199.5655	1
5989	199.5988	1
5990	199.6322	1
5991	199.6655	1
5992	199.6988	1
5993	199.7322	1
5994	199.7655	1
5995	199.7988	1
5996	199.8322	1
5997	199.8655	1
5998	199.8988	1
5999	199.9322	1
6000	199.9655	1
6001	199.9988	1
6002	200.0322	1
6003	200.0655	1
6004	200.0988	1
6005	200.1322	1
6006	200.1655	1
6007	200.1988	1
6008	200.2322	1
6009	200.2655	1
6010	200.2988	1
6011	200.3322	1
6012	200.3655	1
6013	200.3988	1
6014	200.4322	1
6015	200.4655	1
6016	200.4988	1
6017	200.5322	1
6018	200.5655	1
6019	200.5988	1
6020	200.6322	1
6021	200.6655	1
6022	200.6988	1
6023	200.7322	1
6024	200.7655	1
6025	200.7988	1
6026	200.8322	1
6027	200.8655	1
6028	200.8988	1
6029	200.9322	1
6030	200.9655	1
6031	200.9988	1
6032	201.0322	1
6033	201.0655	1
6034	201.0988	1
6035	201.1322	1
6036	201.1655	1
6037	201.1988	1
6038	201.2322	1
6039	201.2655	1
6040	201.2988	1
6041	201.3322	1
6042	201.3655	1
6043	201.3988	1
6044	201.4322	1
6045	201.4655	1
6046	201.4988	1
6047	201.5322	1
6048	201.5655	1
6049	201.5988	1
6050	201.6322	1
6051	201.6655	1
6052	201.6988	1
6053	201.7322	1
6054	201.7655	1
6055	201.7988	1
6056	201.8322	1
6057	201.8655	1
6058	201.8988	1
6059	201.9322	1
6060	201.9655	1
6061	201.9988	1
6062	202.0322	1
6063	202.0655	1
6064	202.0988	1
6065	202.1322	1
6066	202.1655	1
6067	202.1988	1
6068	202.2322	1
6069	202.2655	1
6070	202.2988	1
6071	202.3322	1
6072	202.3655	1
6073	202.3988	1
6074	202.4322	1
6075	202.4655	1
6076	202.4988	1
6077	202.5322	1
6078	202.5655	1
6079	202.5988	1
6080	202.6322	1
6081	202.6655	1
6082	202.6988	1
6083	202.7322	1
6084	202.7655	1
6085	202.7988	1
6086	202.8322	1
6087	202.8655	1
6088	202.8988	1
6089	202.9322	1
6090	202.9655	1
6091	202.9988	1
6092	203.0322	1
6093	203.0655	1
6094	203.0988	1
6095	203.1322	1
6096	203.1655	1
6097	203.1988	1
6098	203.2322	1
6099	203.2655	1
6100	203.2988	1
6101	203.3322	1
6102	203.3655	1
6103	203.3988	1
6104	203.4322	1
6105	203.4655	1
6106	203.4988	1
6107	203.5322	1
6108	203.5655	1
6109	203.5988	1
6110	203.6322	1
6111	203.6655	1
6112	203.6988	1
6113	203.7322	1
6114	203.7655	1
6115	203.7988	1
6116	203.8322	1
6117	203.8655	1
6118	203.8988	1
6119	203.9322	1
6120	203.9655	1
6121	203.9988	1
6122	204.0322	1
6123	204.0655	1
6124	204.0988	1
6125	204.1322	1
6126	204.1655	1
6127	204.1988	1
6128	204.2322	1
6129	204.2655	1
6130	204.2988	1
6131	204.3322	1
6132	204.3655	1
6133	204.3988	1
6134	204.4322	1
6135	204.4655	1
6136	204.4988	1
6137	204.5321	1
6138	204.5655	1
6139	204.5988	1
6140	204.6321	1
6141	204.6655	1
6142	204.6988	1
6143	204.7321	1
6144	204.7655	1
6145	204.7988	1
6146	204.8321	1
6147	204.8655	1
6148	204.8988	1
6149	204.9321	1
6150	204.9655	1
6151	204.9988	1
6152	205.0321	1
6153	205.0655	1
6154	205.0988	1
6155	205.1321	1
6156	205.1655	1
6157	205.1988	1
6158	205.2321	1
6159	205.2655	1
6160	205.2988	1
6161	205.3321	1
6162	205.3655	0
6163	205.3988	0
6164	205.4321	0
6165	205.4655	0
6166	205.4988	0
6167	205.5321	0
6168	205.5655	0
6169	205.5988	0
6170	205.6321	0
6171	205.6655	0
6172	205.6988	0
6173	205.7321	0
6174	205.7655	0
6175	205.7988	0
6176	205.8321	0
6177	205.8655	0
6178	205.8988	0
6179	205.9321	0
6180	205.9655	0
6181	205.9988	0
6182	206.0321	0
6183	206.0655	0
6184	206.0988	0
6185	206.1321	0
6186	206.1655	0
6187	206.1988	0
6188	206.2321	0
6189	206.2655	0
6190	206.2988	0
6191	206.3321	0
6192	206.3655	0
6193	206.3988	0
6194	206.4321	0
6195	206.4655	0
6196	206.4988	0
6197	206.5321	0
6198	206.5655	0
6199	206.5988	0
6200	206.6321	0
6201	206.6655	0
6202	206.6988	0
6203	206.7321	0
6204	206.7655	0
6205	206.7988	0
6206	206.8321	0
6207	206.8655	0
6208	206.8988	0
6209	206.9321	0
6210	206.9655	0
6211	206.9988	1
6212	207.0321	1
6213	207.0655	1
6214	207.0988	1
6215	207.1321	1
6216	207.1655	1
6217	207.1988	1
6218	207.2321	1
6219	207.2655	1
6220	207.2988	1
6221	207.3321	1
6222	207.3655	1
6223	207.3988	1
6224	207.4321	1
6225	207.4655	1
6226	207.4988	1
6227	207.5321	1
6228	207.5655	1
6229	207.5988	1
6230	207.6321	1
6231	207.6655	1
6232	207.6988	1
6233	207.7321	1
6234	207.7655	1
6235	207.7988	1
6236	207.8321	1
6237	207.8655	1
6238	207.8988	1
6239	207.9321	1
6240	207.9655	1
6241	207.9988	1
6242	208.0321	1
6243	208.0655	1
6244	208.0988	1
6245	208.1321	1
6246	208.1655	1
6247	208.1988	1
6248	208.2321	1
6249	208.2655	1
6250	208.2988	1
6251	208.3321	1
6252	208.3655	1
6253	208.3988	1
6254	208.4321	1
6255	208.4655	1
6256	208.4988	1
6257	208.5321	1
6258	208.5655	1
6259	208.5988	1
6260	208.6321	1
6261	208.6655	1
6262	208.6988	1
6263	208.7321	1
6264	208.7655	1
6265	208.7988	1
6266	208.8321	1
6267	208.8655	1
6268	208.8988	1
6269	208.9321	1
6270	208.9655	1
6271	208.9988	1
6272	209.0321	1
6273	209.0655	1
6274	209.0988	1
6275	209.1321	1
6276	209.1655	1
6277	209.1988	1
6278	209.2321	1
6279	209.2655	1
6280	209.2988	1
6281	209.3321	1
6282	209.3655	1
6283	209.3988	1
6284	209.4321	1
6285	209.4655	1
6286	209.4988	1
6287	209.5321	1
6288	209.5655	1
6289	209.5988	1
6290	209.6321	1
6291	209.6655	1
6292	209.6988	1
6293	209.7321	1
6294	209.7655	1
6295	209.7988	1
6296	209.8321	1
6297	209.8655	1
6298	209.8988	1
6299	209.9321	1
6300	209.9655	1
6301	209.9988	1
6302	210.0321	1
6303	210.0655	1
6304	210.0988	1
6305	210.1321	1
6306	210.1655	1
6307	210.1988	1
6308	210.2321	1
6309	210.2654	1
6310	210.2988	1
6311	210.3321	1
6312	210.3654	1
6313	210.3988	1
6314	210.4321	1
6315	210.4654	1
6316	210.4988	1
6317	210.5321	1
6318	210.5654	1
6319	210.5988	1
6320	210.6321	1
6321	210.6654	1
6322	210.6988	1
6323	210.7321	1
6324	210.7654	1
6325	210.7988	1
6326	210.8321	1
6327	210.8654	1
6328	210.8988	1
6329	210.9321	1
6330	210.9654	1
6331	210.9988	1
6332	211.0321	1
6333	211.0654	1
6334	211.0988	1
6335	211.1321	1
6336	211.1654	1
6337	211.1988	1
6338	211.2321	1
6339	211.2654	1
6340	211.2988	1
6341	211.3321	1
6342	211.3654	1
6343	211.3988	1
6344	211.4321	1
6345	211.4654	1
6346	211.4988	1
6347	211.5321	1
6348	211.5654	1
6349	211.5988	1
6350	211.6321	1
6351	211.6654	1
6352	211.6988	1
6353	211.7321	1
6354	211.7654	1
6355	211.7988	1
6356	211.8321	1
6357	211.8654	1
6358	211.8988	1
6359	211.9321	1
6360	211.9654	1
6361	211.9988	1
6362	212.0321	1
6363	212.0654	1
6364	212.0988	1
6365	212.1321	1
6366	212.1654	1
6367	212.1988	1
6368	212.2321	0
6369	212.2654	0
6370	212.2988	0
6371	212.3321	0
6372	212.3654	0
6373	212.3988	0
6374	212.4321	0
6375	212.4654	0
6376	212.4988	0
6377	212.5321	0
6378	212.5654	0
6379	212.5988	0
6380	212.6321	0
6381	212.6654	0
6382	212.6988	0
6383	212.7321	0
6384	212.7654	0
6385	212.7988	0
6386	212.8321	0
6387	212.8654	0
6388	212.8988	0
6389	212.9321	0
6390	212.9654	0
6391	212.9988	0
6392	213.0321	0
6393	213.0654	0
6394	213.0988	0
6395	213.1321	0
6396	213.1654	0
6397	213.1988	0
6398	213.2321	0
6399	213.2654	0
6400	213.2988	0
6401	213.3321	1
6402	213.3654	1
6403	213.3988	1
6404	213.4321	1
6405	213.4654	1
6406	213.4988	1
6407	213.5321	1
6408	213.5654	1
6409	213.5988	1
6410	213.6321	1
6411	213.6654	1
6412	213.6988	1
6413	213.7321	1
6414	213.7654	1
6415	213.7988	1
6416	213.8321	1
6417	213.8654	1
6418	213.8988	1
6419	213.9321	1
6420	213.9654	1
6421	213.9988	1
6422	214.0321	1
6423	214.0654	1
6424	214.0988	1
6425	214.1321	1
6426	214.1654	1
6427	214.1988	1
6428	214.2321	1
6429	214.2654	1
6430	214.2988	1
6431	214.3321	1
6432	214.3654	1
6433	214.3988	1
6434	214.4321	1
6435	214.4654	1
6436	214.4988	1
6437	214.5321	1
6438	214.5654	1
6439	214.5988	1
6440	214.6321	1
6441	214.6654	1
6442	214.6988	1
6443	214.7321	1
6444	214.7654	1
6445	214.7988	1
6446	214.8321	1
6447	214.8654	1
6448	214.8988	1
6449	214.9321	1
6450	214.9654	1
6451	214.9988	1
6452	215.0321	1
6453	215.0654	1
6454	215.0988	1
6455	215.1321	1
6456	215.1654	1
6457	215.1988	1
6458	215.2321	1
6459	215.2654	1
6460	215.2988	1
6461	215.3321	1
6462	215.3654	1
6463	215.3988	1
6464	215.4321	1
6465	215.4654	1
6466	215.4988	1
6467	215.5321	1
6468	215.5654	1
6469	215.5988	1
6470	215.6321	1
6471	215.6654	1
6472	215.6988	1
6473	215.7321	1
6474	215.7654	1
6475	215.7988	1
6476	215.8321	1
6477	215.8654	1
6478	215.8988	1
6479	215.9321	1
6480	215.9654	1
6481	215.9987	1
6482	216.0321	1
6483	216.0654	1
6484	216.0987	1
6485	216.1321	1
6486	216.1654	1
6487	216.1987	1
6488	216.2321	1
6489	216.2654	1
6490	216.2987	1
6491	216.3321	1
6492	216.3654	0
6493	216.3987	0
6494	216.4321	0
6495	216.4654	1
6496	216.4987	1
6497	216.5321	1
6498	216.5654	1
6499	216.5987	1
6500	216.6321	1
6501	216.6654	1
6502	216.6987	1
6503	216.7321	1
6504	216.7654	1
6505	216.7987	1
6506	216.8321	1
6507	216.8654	1
6508	216.8987	1
6509	216.9321	1
6510	216.9654	1
6511	216.9987	1
6512	217.0321	1
6513	217.0654	1
6514	217.0987	1
6515	217.1321	1
6516	217.1654	1
6517	217.1987	1
6518	217.2321	1
6519	217.2654	1
6520	217.2987	1
6521	217.3321	1
6522	217.3654	1
6523	217.3987	1
6524	217.4321	1
6525	217.4654	1
6526	217.4987	1
6527	217.5321	1
6528	217.5654	1
6529	217.5987	1
6530	217.6321	1
6531	217.6654	1
6532	217.6987	1
6533	217.7321	0
6534	217.7654	0
6535	217.7987	0
6536	217.8321	0
6537	217.8654	0
6538	217.8987	0
6539	217.9321	0
6540	217.9654	0
6541	217.9987	0
6542	218.0321	0
6543	218.0654	0
6544	218.0987	0
6545	218.1321	0
6546	218.1654	0
6547	218.1987	0
6548	218.2321	0
6549	218.2654	0
6550	218.2987	0
6551	218.3321	0
6552	218.3654	0
6553	218.3987	1
6554	218.4321	1
6555	218.4654	1
6556	218.4987	1
6557	218.5321	1
6558	218.5654	1
6559	218.5987	1
6560	218.6321	1
6561	218.6654	1
6562	218.6987	1
6563	218.7321	1
6564	218.7654	1
6565	218.7987	1
6566	218.8321	1
6567	218.8654	1
6568	218.8987	1
6569	218.9321	1
6570	218.9654	1
6571	218.9987	1
6572	219.0321	1
6573	219.0654	1
6574	219.0987	1
6575	219.1321	1
6576	219.1654	1
6577	219.1987	1
6578	219.2321	1
6579	219.2654	1
6580	219.2987	1
6581	219.3321	1
6582	219.3654	1
6583	219.3987	1
6584	219.4321	1
6585	219.4654	1
6586	219.4987	1
6587	219.5321	1
6588	219.5654	1
6589	219.5987	1
6590	219.6321	1
6591	219.6654	1
6592	219.6987	1
6593	219.7321	1
6594	219.7654	1
6595	219.7987	1
6596	219.8321	1
6597	219.8654	1
6598	219.8987	1
6599	219.9321	1
6600	219.9654	1
6601	219.9987	1
6602	220.0321	1
6603	220.0654	1
6604	220.0987	1
6605	220.1321	1
6606	220.1654	1
6607	220.1987	1
6608	220.2321	1
6609	220.2654	1
6610	220.2987	1
6611	220.3321	1
6612	220.3654	1
6613	220.3987	1
6614	220.4321	1
6615	220.4654	1
6616	220.4987	1
6617	220.5321	1
6618	220.5654	1
6619	220.5987	1
6620	220.6321	1
6621	220.6654	1
6622	220.6987	1
6623	220.7321	1
6624	220.7654	1
6625	220.7987	1
6626	220.8321	1
6627	220.8654	1
6628	220.8987	1
6629	220.9321	1
6630	220.9654	1
6631	220.9987	1
6632	221.0321	1
6633	221.0654	1
6634	221.0987	1
6635	221.1321	1
6636	221.1654	1
6637	221.1987	1
6638	221.2321	1
6639	221.2654	1
6640	221.2987	1
6641	221.3321	1
6642	221.3654	1
6643	221.3987	1
6644	221.4321	1
6645	221.4654	1
6646	221.4987	1
6647	221.5321	1
6648	221.5654	1
6649	221.5987	0
6650	221.6321	0
6651	221.6654	0
6652	221.6987	0
6653	221.7320	0
6654	221.7654	0
6655	221.7987	0
6656	221.8320	0
6657	221.8654	0
6658	221.8987	0
6659	221.9320	0
6660	221.9654	0
6661	221.9987	0
6662	222.0320	0
6663	222.0654	0
6664	222.0987	0
6665	222.1320	0
6666	222.1654	0
6667	222.1987	0
6668	222.2320	0
6669	222.2654	0
6670	222.2987	0
6671	222.3320	0
6672	222.3654	0
6673	222.3987	0
6674	222.4320	0
6675	222.4654	0
6676	222.4987	1
6677	222.5320	1
6678	222.5654	1
6679	222.5987	1
6680	222.6320	1
6681	222.6654	1
6682	222.6987	1
6683	222.7320	1
6684	222.7654	1
6685	222.7987	1
6686	222.8320	1
6687	222.8654	1
6688	222.8987	1
6689	222.9320	1
6690	222.9654	1
6691	222.9987	1
6692	223.0320	1
6693	223.0654	1
6694	223.0987	1
6695	223.1320	1
6696	223.1654	1
6697	223.1987	1
6698	223.2320	1
6699	223.2654	1
6700	223.2987	1
6701	223.3320	1
6702	223.3654	1
6703	223.3987	1
6704	223.4320	1
6705	223.4654	1
6706	223.4987	1
6707	223.5320	1
6708	223.5654	1
6709	223.5987	1
6710	223.6320	1
6711	223.6654	0
6712	223.6987	0
6713	223.7320	0
6714	223.7654	0
6715	223.7987	0
6716	223.8320	0
6717	223.8654	0
6718	223.8987	0
6719	223.9320	0
6720	223.9654	0
6721	223.9987	0
6722	224.0320	0
6723	224.0654	0
6724	224.0987	0
6725	224.1320	0
6726	224.1654	0
6727	224.1987	0
6728	224.2320	0
6729	224.2654	0
6730	224.2987	0
6731	224.3320	0
6732	224.3654	0
6733	224.3987	0
6734	224.4320	0
6735	224.4654	0
6736	224.4987	0
6737	224.5320	0
6738	224.5654	0
6739	224.5987	0
6740	224.6320	0
6741	224.6654	0
6742	224.6987	0
6743	224.7320	0
6744	224.7654	0
6745	224.7987	0
6746	224.8320	0
6747	224.8654	0
6748	224.8987	0
6749	224.9320	0
6750	224.9654	0
6751	224.9987	0
6752	225.0320	0
6753	225.0654	0
6754	225.0987	0
6755	225.1320	0
6756	225.1654	0
6757	225.1987	0
6758	225.2320	0
6759	225.2654	0
6760	225.2987	0
6761	225.3320	0
6762	225.3654	0
6763	225.3987	0
6764	225.4320	0
6765	225.4654	0
6766	225.4987	0
6767	225.5320	0
6768	225.5654	0
6769	225.5987	0
6770	225.6320	0
6771	225.6654	0
6772	225.6987	0
6773	225.7320	0
6774	225.7654	0
6775	225.7987	0
6776	225.8320	0
6777	225.8654	0
6778	225.8987	0
6779	225.9320	0
6780	225.9654	0
6781	225.9987	0
6782	226.0320	0
6783	226.0654	0
6784	226.0987	0
6785	226.1320	0
6786	226.1654	0
6787	226.1987	0
6788	226.2320	0
6789	226.2654	0
6790	226.2987	0
6791	226.3320	0
6792	226.3654	0
6793	226.3987	0
6794	226.4320	0
6795	226.4654	0
6796	226.4987	0
6797	226.5320	0
6798	226.5654	0
6799	226.5987	0
6800	226.6320	0
6801	226.6654	0
6802	226.6987	0
6803	226.7320	0
6804	226.7654	0
6805	226.7987	0
6806	226.8320	0
6807	226.8654	0
6808	226.8987	0
6809	226.9320	0
6810	226.9654	0
6811	226.9987	0
6812	227.0320	0
6813	227.0654	0
6814	227.0987	0
6815	227.1320	1
6816	227.1654	1
6817	227.1987	1
6818	227.2320	1
6819	227.2654	1
6820	227.2987	1
6821	227.3320	1
6822	227.3654	1
6823	227.3987	1
6824	227.4320	1
6825	227.4654	1
6826	227.4987	1
6827	227.5320	1
6828	227.5653	1
6829	227.5987	1
6830	227.6320	1
6831	227.6653	1
6832	227.6987	1
6833	227.7320	1
6834	227.7653	1
6835	227.7987	1
6836	227.8320	1
6837	227.8653	1
6838	227.8987	1
6839	227.9320	1
6840	227.9653	1
6841	227.9987	1
6842	228.0320	1
6843	228.0653	1
6844	228.0987	1
6845	228.1320	1
6846	228.1653	1
6847	228.1987	1
6848	228.2320	1
6849	228.2653	1
6850	228.2987	1
6851	228.3320	1
6852	228.3653	1
6853	228.3987	1
6854	228.4320	1
6855	228.4653	1
6856	228.4987	1
6857	228.5320	1
6858	228.5653	1
6859	228.5987	1
6860	228.6320	1
6861	228.6653	1
6862	228.6987	1
6863	228.7320	1
6864	228.7653	1
6865	228.7987	1
6866	228.8320	1
6867	228.8653	1
6868	228.8987	1
6869	228.9320	1
6870	228.9653	1
6871	228.9987	1
6872	229.0320	1
6873	229.0653	1
6874	229.0987	1
6875	229.1320	1
6876	229.1653	1
6877	229.1987	1
6878	229.2320	1
6879	229.2653	1
6880	229.2987	1
6881	229.3320	1
6882	229.3653	1
6883	229.3987	1
6884	229.4320	1
6885	229.4653	1
6886	229.4987	1
6887	229.5320	1
6888	229.5653	1
6889	229.5987	1
6890	229.6320	1
6891	229.6653	1
6892	229.6987	1
6893	229.7320	1
6894	229.7653	1
6895	229.7987	1
6896	229.8320	1
6897	229.8653	1
6898	229.8987	1
6899	229.9320	1
6900	229.9653	1
6901	229.9987	1
6902	230.0320	1
6903	230.0653	1
6904	230.0987	1
6905	230.1320	1
6906	230.1653	1
6907	230.1987	1
6908	230.2320	1
6909	230.2653	1
6910	230.2987	1
6911	230.3320	1
6912	230.3653	1
6913	230.3987	1
6914	230.4320	1
6915	230.4653	1
6916	230.4987	1
6917	230.5320	1
6918	230.5653	1
6919	230.5987	1
6920	230.6320	1
6921	230.6653	1
6922	230.6987	1
6923	230.7320	1
6924	230.7653	1
6925	230.7987	1
6926	230.8320	1
6927	230.8653	1
6928	230.8987	1
6929	230.9320	1
6930	230.9653	1
6931	230.9987	1
6932	231.0320	1
6933	231.0653	1
6934	231.0987	1
6935	231.1320	1
6936	231.1653	1
6937	231.1987	1
6938	231.2320	1
6939	231.2653	1
6940	231.2987	1
6941	231.3320	0
6942	231.3653	0
6943	231.3987	0
6944	231.4320	1
6945	231.4653	1
6946	231.4987	1
6947	231.5320	1
6948	231.5653	1
6949	231.5987	1
6950	231.6320	1
6951	231.6653	1
6952	231.6987	1
6953	231.7320	1
6954	231.7653	1
6955	231.7987	0
6956	231.8320	0
6957	231.8653	0
6958	231.8987	0
6959	231.9320	0
6960	231.9653	0
6961	231.9987	0
6962	232.0320	0
6963	232.0653	0
6964	232.0987	0
6965	232.1320	0
6966	232.1653	0
6967	232.1987	0
6968	232.2320	0
6969	232.2653	0
6970	232.2987	0
6971	232.3320	0
6972	232.3653	0
6973	232.3987	0
6974	232.4320	0
6975	232.4653	0
6976	232.4987	0
6977	232.5320	0
6978	232.5653	0
6979	232.5987	0
6980	232.6320	0
6981	232.6653	0
6982	232.6987	0
6983	232.7320	0
6984	232.7653	0
6985	232.7987	0
6986	232.8320	0
6987	232.8653	0
6988	232.8987	0
6989	232.9320	0
6990	232.9653	0
6991	232.9987	0
6992	233.0320	1
6993	233.0653	1
6994	233.0987	0
6995	233.1320	0
6996	233.1653	0
6997	233.1987	0
6998	233.2320	0
6999	233.2653	0
7000	233.2986	0
7001	233.3320	0
7002	233.3653	0
7003	233.3986	0
7004	233.4320	0
7005	233.4653	0
7006	233.4986	0
7007	233.5320	0
7008	233.5653	0
7009	233.5986	0
7010	233.6320	1
7011	233.6653	1
7012	233.6986	1
7013	233.7320	1
7014	233.7653	1
7015	233.7986	1
7016	233.8320	1
7017	233.8653	1
7018	233.8986	1
7019	233.9320	1
7020	233.9653	1
7021	233.9986	1
7022	234.0320	1
7023	234.0653	1
7024	234.0986	1
7025	234.1320	1
7026	234.1653	1
7027	234.1986	1
7028	234.2320	1
7029	234.2653	1
7030	234.2986	1
7031	234.3320	1
7032	234.3653	1
7033	234.3986	1
7034	234.4320	1
7035	234.4653	1
7036	234.4986	1
7037	234.5320	1
7038	234.5653	1
7039	234.5986	1
7040	234.6320	1
7041	234.6653	1
7042	234.6986	1
7043	234.7320	1
7044	234.7653	1
7045	234.7986	1
7046	234.8320	1
7047	234.8653	1
7048	234.8986	1
7049	234.9320	1
7050	234.9653	1
7051	234.9986	1
7052	235.0320	1
7053	235.0653	1
7054	235.0986	1
7055	235.1320	1
7056	235.1653	1
7057	235.1986	1
7058	235.2320	1
7059	235.2653	1
7060	235.2986	1
7061	235.3320	1
7062	235.3653	1
7063	235.3986	1
7064	235.4320	1
7065	235.4653	1
7066	235.4986	1
7067	235.5320	1
7068	235.5653	1
7069	235.5986	1
7070	235.6320	1
7071	235.6653	1
7072	235.6986	1
7073	235.7320	1
7074	235.7653	1
7075	235.7986	1
7076	235.8320	1
7077	235.8653	1
7078	235.8986	1
7079	235.9320	1
7080	235.9653	1
7081	235.9986	1
7082	236.0320	1
7083	236.0653	1
7084	236.0986	1
7085	236.1320	1
7086	236.1653	1
7087	236.1986	1
7088	236.2320	1
7089	236.2653	1
7090	236.2986	1
7091	236.3320	1
7092	236.3653	1
7093	236.3986	1
7094	236.4320	1
7095	236.4653	1
7096	236.4986	1
7097	236.5320	1
7098	236.5653	1
7099	236.5986	1
7100	236.6320	1
7101	236.6653	1
7102	236.6986	1
7103	236.7320	1
7104	236.7653	1
7105	236.7986	1
7106	236.8320	1
7107	236.8653	1
7108	236.8986	1
7109	236.9320	1
7110	236.9653	1
7111	236.9986	1
7112	237.0320	1
7113	237.0653	1
7114	237.0986	1
7115	237.1320	1
7116	237.1653	1
7117	237.1986	1
7118	237.2320	1
7119	237.2653	1
7120	237.2986	1
7121	237.3320	1
7122	237.3653	1
7123	237.3986	1
7124	237.4320	1
7125	237.4653	1
7126	237.4986	1
7127	237.5320	1
7128	237.5653	1
7129	237.5986	0
7130	237.6320	0
7131	237.6653	0
7132	237.6986	0
7133	237.7320	0
7134	237.7653	0
7135	237.7986	0
7136	237.8320	0
7137	237.8653	0
7138	237.8986	0
7139	237.9320	0
7140	237.9653	0
7141	237.9986	0
7142	238.0320	0
7143	238.0653	0
7144	238.0986	0
7145	238.1320	0
7146	238.1653	0
7147	238.1986	0
7148	238.2320	0
7149	238.2653	0
7150	238.2986	0
7151	238.3320	0
7152	238.3653	0
7153	238.3986	0
7154	238.4320	0
7155	238.4653	0
7156	238.4986	0
7157	238.5320	0
7158	238.5653	0
7159	238.5986	0
7160	238.6320	0
7161	238.6653	0
7162	238.6986	0
7163	238.7320	0
7164	238.7653	0
7165	238.7986	1
7166	238.8320	1
7167	238.8653	1
7168	238.8986	1
7169	238.9320	1
7170	238.9653	1
7171	238.9986	1
7172	239.0319	1
7173	239.0653	1
7174	239.0986	1
7175	239.1319	1
7176	239.1653	1
7177	239.1986	1
7178	239.2319	1
7179	239.2653	1
7180	239.2986	1
7181	239.3319	1
7182	239.3653	1
7183	239.3986	1
7184	239.4319	1
7185	239.4653	1
7186	239.4986	1
7187	239.5319	1
7188	239.5653	1
7189	239.5986	1
7190	239.6319	1
7191	239.6653	1
7192	239.6986	1
7193	239.7319	1
7194	239.7653	0
7195	239.7986	0
7196	239.8319	0
7197	239.8653	0
7198	239.8986	0
7199	239.9319	0
7200	239.9653	0
7201	239.9986	0
7202	240.0319	0
7203	240.0653	0
7204	240.0986	0
7205	240.1319	0
7206	240.1653	1
7207	240.1986	1
7208	240.2319	1
7209	240.2653	1
7210	240.2986	1
7211	240.3319	1
7212	240.3653	1
7213	240.3986	1
7214	240.4319	1
7215	240.4653	1
7216	240.4986	1
7217	240.5319	1
7218	240.5653	1
7219	240.5986	1
7220	240.6319	1
7221	240.6653	1
7222	240.6986	1
7223	240.7319	1
7224	240.7653	1
7225	240.7986	1
7226	240.8319	1
7227	240.8653	1
7228	240.8986	1
7229	240.9319	1
7230	240.9653	1
7231	240.9986	1
7232	241.0319	1
7233	241.0653	1
7234	241.0986	1
7235	241.1319	1
7236	241.1653	1
7237	241.1986	1
7238	241.2319	1
7239	241.2653	1
7240	241.2986	1
7241	241.3319	0
7242	241.3653	0
7243	241.3986	0
7244	241.4319	0
7245	241.4653	0
7246	241.4986	0
7247	241.5319	0
7248	241.5653	0
7249	241.5986	0
7250	241.6319	0
7251	241.6653	0
7252	241.6986	0
7253	241.7319	0
7254	241.7653	0
7255	241.7986	0
7256	241.8319	0
7257	241.8653	0
7258	241.8986	0
7259	241.9319	0
7260	241.9653	0
7261	241.9986	0
7262	242.0319	0
7263	242.0653	0
7264	242.0986	0
7265	242.1319	0
7266	242.1653	0
7267	242.1986	0
7268	242.2319	0
7269	242.2653	0
7270	242.2986	0
7271	242.3319	1
7272	242.3653	1
7273	242.3986	1
7274	242.4319	1
7275	242.4653	1
7276	242.4986	1
7277	242.5319	1
7278	242.5653	1
7279	242.5986	1
7280	242.6319	1
7281	242.6653	1
7282	242.6986	1
7283	242.7319	1
7284	242.7653	1
7285	242.7986	1
7286	242.8319	1
7287	242.8653	1
7288	242.8986	1
7289	242.9319	1
7290	242.9653	1
7291	242.9986	1
7292	243.0319	1
7293	243.0653	1
7294	243.0986	1
7295	243.1319	1
7296	243.1653	1
7297	243.1986	1
7298	243.2319	1
7299	243.2653	1
7300	243.2986	1
7301	243.3319	1
7302	243.3653	1
7303	243.3986	1
7304	243.4319	1
7305	243.4653	1
7306	243.4986	1
7307	243.5319	1
7308	243.5653	1
7309	243.5986	1
7310	243.6319	1
7311	243.6653	1
7312	243.6986	1
7313	243.7319	1
7314	243.7653	1
7315	243.7986	1
7316	243.8319	1
7317	243.8653	1
7318	243.8986	1
7319	243.9319	1
7320	243.9653	1
7321	243.9986	1
7322	244.0319	1
7323	244.0653	1
7324	244.0986	1
7325	244.1319	1
7326	244.1653	1
7327	244.1986	1
7328	244.2319	1
7329	244.2653	1
7330	244.2986	1
7331	244.3319	1
7332	244.3653	1
7333	244.3986	1
7334	244.4319	1
7335	244.4653	1
7336	244.4986	1
7337	244.5319	1
7338	244.5653	1
7339	244.5986	1
7340	244.6319	1
7341	244.6653	1
7342	244.6986	1
7343	244.7319	1
7344	244.7652	1
7345	244.7986	1
7346	244.8319	1
7347	244.8652	1
7348	244.8986	1
7349	244.9319	1
7350	244.9652	1
7351	244.9986	1
7352	245.0319	1
7353	245.0652	1
7354	245.0986	1
7355	245.1319	1
7356	245.1652	1
7357	245.1986	1
7358	245.2319	1
7359	245.2652	1
7360	245.2986	1
7361	245.3319	1
7362	245.3652	1
7363	245.3986	1
7364	245.4319	1
7365	245.4652	1
7366	245.4986	1
7367	245.5319	1
7368	245.5652	1
7369	245.5986	1
7370	245.6319	1
7371	245.6652	1
7372	245.6986	1
7373	245.7319	1
7374	245.7652	1
7375	245.7986	1
7376	245.8319	1
7377	245.8652	1
7378	245.8986	1
7379	245.9319	1
7380	245.9652	1
7381	245.9986	1
7382	246.0319	1
7383	246.0652	1
7384	246.0986	1
7385	246.1319	1
7386	246.1652	1
7387	246.1986	1
7388	246.2319	1
7389	246.2652	1
7390	246.2986	1
7391	246.3319	1
7392	246.3652	1
7393	246.3986	1
7394	246.4319	1
7395	246.4652	1
7396	246.4986	1
7397	246.5319	1
7398	246.5652	1
7399	246.5986	1
7400	246.6319	1
7401	246.6652	1
7402	246.6986	1
7403	246.7319	1
7404	246.7652	1
7405	246.7986	1
7406	246.8319	1
7407	246.8652	1
7408	246.8986	1
7409	246.9319	0
7410	246.9652	0
7411	246.9986	0
7412	247.0319	0
7413	247.0652	0
7414	247.0986	0
7415	247.1319	0
7416	247.1652	0
7417	247.1986	0
7418	247.2319	0
7419	247.2652	0
7420	247.2986	0
7421	247.3319	0
7422	247.3652	0
7423	247.3986	0
7424	247.4319	0
7425	247.4652	0
7426	247.4986	0
7427	247.5319	0
7428	247.5652	0
7429	247.5986	0
7430	247.6319	0
7431	247.6652	0
7432	247.6986	0
7433	247.7319	0
7434	247.7652	0
7435	247.7986	1
7436	247.8319	1
7437	247.8652	1
7438	247.8986	1
7439	247.9319	1
7440	247.9652	1
7441	247.9986	1
7442	248.0319	1
7443	248.0652	1
7444	248.0986	1
7445	248.1319	1
7446	248.1652	1
7447	248.1986	1
7448	248.2319	1
7449	248.2652	1
7450	248.2986	1
7451	248.3319	1
7452	248.3652	1
7453	248.3986	1
7454	248.4319	1
7455	248.4652	1
7456	248.4986	1
7457	248.5319	1
7458	248.5652	1
7459	248.5986	1
7460	248.6319	1
7461	248.6652	1
7462	248.6986	1
7463	248.7319	1
7464	248.7652	1
7465	248.7986	1
7466	248.8319	0
7467	248.8652	0
7468	248.8986	0
7469	248.9319	0
7470	248.9652	0
7471	248.9986	0
7472	249.0319	0
7473	249.0652	0
7474	249.0986	0
7475	249.1319	0
7476	249.1652	0
7477	249.1986	0
7478	249.2319	0
7479	249.2652	0
7480	249.2986	0
7481	249.3319	0
7482	249.3652	0
7483	249.3986	0
7484	249.4319	0
7485	249.4652	0
7486	249.4986	0
7487	249.5319	0
7488	249.5652	0
7489	249.5986	0
7490	249.6319	0
7491	249.6652	0
7492	249.6986	0
7493	249.7319	0
7494	249.7652	0
7495	249.7986	0
7496	249.8319	0
7497	249.8652	0
7498	249.8986	0
7499	249.9319	0
7500	249.9652	1
7501	249.9986	1
7502	250.0319	1
7503	250.0652	1
7504	250.0986	1
7505	250.1319	1
7506	250.1652	1
7507	250.1986	1
7508	250.2319	1
7509	250.2652	1
7510	250.2986	1
7511	250.3319	1
7512	250.3652	1
7513	250.3986	1
7514	250.4319	1
7515	250.4652	1
7516	250.4986	1
7517	250.5319	0
7518	250.5652	0
7519	250.5985	0
7520	250.6319	0
7521	250.6652	0
7522	250.6985	0
7523	250.7319	0
7524	250.7652	0
7525	250.7985	0
7526	250.8319	0
7527	250.8652	0
7528	250.8985	0
7529	250.9319	0
7530	250.9652	0
7531	250.9985	0
7532	251.0319	0
7533	251.0652	0
7534	251.0985	0
7535	251.1319	0
7536	251.1652	0
7537	251.1985	0
7538	251.2319	0
7539	251.2652	0
7540	251.2985	0
7541	251.3319	0
7542	251.3652	0
7543	251.3985	0
7544	251.4319	0
7545	251.4652	0
7546	251.4985	0
7547	251.5319	0
7548	251.5652	1
7549	251.5985	1
7550	251.6319	1
7551	251.6652	1
7552	251.6985	1
7553	251.7319	1
7554	251.7652	1
7555	251.7985	1
7556	251.8319	1
7557	251.8652	1
7558	251.8985	1
7559	251.9319	1
7560	251.9652	1
7561	251.9985	1
7562	252.0319	1
7563	252.0652	1
7564	252.0985	1
7565	252.1319	1
7566	252.1652	1
7567	252.1985	1
7568	252.2319	1
7569	252.2652	1
7570	252.2985	1
7571	252.3319	1
7572	252.3652	1
7573	252.3985	1
7574	252.4319	1
7575	252.4652	1
7576	252.4985	1
7577	252.5319	1
7578	252.5652	1
7579	252.5985	1
7580	252.6319	1
7581	252.6652	1
7582	252.6985	1
7583	252.7319	1
7584	252.7652	1
7585	252.7985	1
7586	252.8319	1
7587	252.8652	1
7588	252.8985	1
7589	252.9319	1
7590	252.9652	1
7591	252.9985	1
7592	253.0319	1
7593	253.0652	1
7594	253.0985	1
7595	253.1319	1
7596	253.1652	1
7597	253.1985	1
7598	253.2319	1
7599	253.2652	1
7600	253.2985	1
7601	253.3319	1
7602	253.3652	1
7603	253.3985	1
7604	253.4319	1
7605	253.4652	1
7606	253.4985	1
7607	253.5319	1
7608	253.5652	1
7609	253.5985	1
7610	253.6319	1
7611	253.6652	1
7612	253.6985	1
7613	253.7319	1
7614	253.7652	1
7615	253.7985	1
7616	253.8319	1
7617	253.8652	1
7618	253.8985	1
7619	253.9319	1
7620	253.9652	1
7621	253.9985	1
7622	254.0319	1
7623	254.0652	1
7624	254.0985	1
7625	254.1319	1
7626	254.1652	1
7627	254.1985	1
7628	254.2319	1
7629	254.2652	1
7630	254.2985	1
7631	254.3319	1
7632	254.3652	1
7633	254.3985	1
7634	254.4319	1
7635	254.4652	1
7636	254.4985	1
7637	254.5319	1
7638	254.5652	1
7639	254.5985	1
7640	254.6319	1
7641	254.6652	1
7642	254.6985	1
7643	254.7319	1
7644	254.7652	1
7645	254.7985	1
7646	254.8319	1
7647	254.8652	1
7648	254.8985	1
7649	254.9319	1
7650	254.9652	1
7651	254.9985	1
7652	255.0319	1
7653	255.0652	1
7654	255.0985	1
7655	255.1319	1
7656	255.1652	1
7657	255.1985	1
7658	255.2319	1
7659	255.2652	1
7660	255.2985	1
7661	255.3319	1
7662	255.3652	1
7663	255.3985	1
7664	255.4319	1
7665	255.4652	1
7666	255.4985	1
7667	255.5319	1
7668	255.5652	0
7669	255.5985	0
7670	255.6319	0
7671	255.6652	0
7672	255.6985	0
7673	255.7319	0
7674	255.7652	0
7675	255.7985	0
7676	255.8319	0
7677	255.8652	0
7678	255.8985	0
7679	255.9319	0
7680	255.9652	0
7681	255.9985	0
7682	256.0319	0
7683	256.0652	1
7684	256.0985	1
7685	256.1319	1
7686	256.1652	1
7687	256.1985	1
7688	256.2319	1
7689	256.2652	1
7690	256.2985	1
7691	256.3318	1
7692	256.3652	1
7693	256.3985	1
7694	256.4318	1
7695	256.4652	1
7696	256.4985	1
7697	256.5318	1
7698	256.5652	1
7699	256.5985	1
7700	256.6318	1
7701	256.6652	1
7702	256.6985	1
7703	256.7318	1
7704	256.7652	1
7705	256.7985	1
7706	256.8318	1
7707	256.8652	1
7708	256.8985	1
7709	256.9318	1
7710	256.9652	1
7711	256.9985	1
7712	257.0318	1
7713	257.0652	1
7714	257.0985	1
7715	257.1318	1
7716	257.1652	1
7717	257.1985	1
7718	257.2318	1
7719	257.2652	1
7720	257.2985	1
7721	257.3318	1
7722	257.3652	1
7723	257.3985	1
7724	257.4318	1
7725	257.4652	1
7726	257.4985	1
7727	257.5318	1
7728	257.5652	1
7729	257.5985	0
7730	257.6318	0
7731	257.6652	0
7732	257.6985	0
7733	257.7318	0
7734	257.7652	0
7735	257.7985	0
7736	257.8318	0
7737	257.8652	0
7738	257.8985	0
7739	257.9318	0
7740	257.9652	0
7741	257.9985	0
7742	258.0318	1
7743	258.0652	1
7744	258.0985	1
7745	258.1318	1
7746	258.1652	1
7747	258.1985	1
7748	258.2318	1
7749	258.2652	1
7750	258.2985	1
7751	258.3318	1
7752	258.3652	1
7753	258.3985	1
7754	258.4318	1
7755	258.4652	1
7756	258.4985	1
7757	258.5318	1
7758	258.5652	1
7759	258.5985	1
7760	258.6318	1
7761	258.6652	1
7762	258.6985	1
7763	258.7318	1
7764	258.7652	1
7765	258.7985	1
7766	258.8318	1
7767	258.8652	1
7768	258.8985	1
7769	258.9318	1
7770	258.9652	1
7771	258.9985	1
7772	259.0318	1
7773	259.0652	1
7774	259.0985	1
7775	259.1318	1
7776	259.1652	1
7777	259.1985	1
7778	259.2318	1
7779	259.2652	1
7780	259.2985	1
7781	259.3318	1
7782	259.3652	1
7783	259.3985	1
7784	259.4318	1
7785	259.4652	1
7786	259.4985	1
7787	259.5318	1
7788	259.5652	1
7789	259.5985	1
7790	259.6318	1
7791	259.6652	1
7792	259.6985	1
7793	259.7318	1
7794	259.7652	1
7795	259.7985	1
7796	259.8318	1
7797	259.8652	1
7798	259.8985	1
7799	259.9318	1
7800	259.9652	1
7801	259.9985	1
7802	260.0318	1
7803	260.0652	1
7804	260.0985	1
7805	260.1318	1
7806	260.1652	1
7807	260.1985	1
7808	260.2318	1
7809	260.2652	1
7810	260.2985	1
7811	260.3318	1
7812	260.3652	1
7813	260.3985	1
7814	260.4318	1
7815	260.4652	0
7816	260.4985	0
7817	260.5318	0
7818	260.5652	0
7819	260.5985	0
7820	260.6318	0
7821	260.6652	0
7822	260.6985	0
7823	260.7318	0
7824	260.7652	0
7825	260.7985	0
7826	260.8318	0
7827	260.8652	0
7828	260.8985	0
7829	260.9318	0
7830	260.9652	0
7831	260.9985	0
7832	261.0318	0
7833	261.0652	0
7834	261.0985	0
7835	261.1318	0
7836	261.1652	0
7837	261.1985	0
7838	261.2318	1
7839	261.2652	1
7840	261.2985	1
7841	261.3318	1
7842	261.3652	1
7843	261.3985	1
7844	261.4318	1
7845	261.4652	1
7846	261.4985	1
7847	261.5318	1
7848	261.5652	1
7849	261.5985	1
7850	261.6318	1
7851	261.6652	1
7852	261.6985	1
7853	261.7318	1
7854	261.7652	0
7855	261.7985	0
7856	261.8318	0
7857	261.8652	0
7858	261.8985	0
7859	261.9318	0
7860	261.9652	0
7861	261.9985	0
7862	262.0318	0
7863	262.0651	0
7864	262.0985	0
7865	262.1318	0
7866	262.1651	0
7867	262.1985	0
7868	262.2318	0
7869	262.2651	0
7870	262.2985	0
7871	262.3318	0
7872	262.3651	0
7873	262.3985	0
7874	262.4318	0
7875	262.4651	0
7876	262.4985	0
7877	262.5318	0
7878	262.5651	0
7879	262.5985	0
7880	262.6318	0
7881	262.6651	0
7882	262.6985	0
7883	262.7318	0
7884	262.7651	0
7885	262.7985	0
7886	262.8318	0
7887	262.8651	0
7888	262.8985	0
7889	262.9318	0
7890	262.9651	0
7891	262.9985	0
7892	263.0318	0
7893	263.0651	0
7894	263.0985	0
7895	263.1318	0
7896	263.1651	0
7897	263.1985	0
7898	263.2318	0
7899	263.2651	0
7900	263.2985	0
7901	263.3318	0
7902	263.3651	0
7903	263.3985	0
7904	263.4318	0
7905	263.4651	0
7906	263.4985	0
7907	263.5318	0
7908	263.5651	0
7909	263.5985	0
7910	263.6318	0
7911	263.6651	0
7912	263.6985	0
7913	263.7318	0
7914	263.7651	0
7915	263.7985	0
7916	263.8318	0
7917	263.8651	0
7918	263.8985	0
7919	263.9318	0
7920	263.9651	0
7921	263.9985	0
7922	264.0318	0
7923	264.0651	0
7924	264.0985	0
7925	264.1318	0
7926	264.1651	0
7927	264.1985	0
7928	264.2318	0
7929	264.2651	0
7930	264.2985	0
7931	264.3318	0
7932	264.3651	0
7933	264.3985	0
7934	264.4318	0
7935	264.4651	0
7936	264.4985	0
7937	264.5318	1
7938	264.5651	1
7939	264.5985	1
7940	264.6318	1
7941	264.6651	1
7942	264.6985	1
7943	264.7318	1
7944	264.7651	1
7945	264.7985	1
7946	264.8318	1
7947	264.8651	1
7948	264.8985	1
7949	264.9318	1
7950	264.9651	1
7951	264.9985	1
7952	265.0318	1
7953	265.0651	1
7954	265.0985	1
7955	265.1318	1
7956	265.1651	1
7957	265.1985	1
7958	265.2318	1
7959	265.2651	1
7960	265.2985	1
7961	265.3318	1
7962	265.3651	1
7963	265.3985	1
7964	265.4318	1
7965	265.4651	1
7966	265.4985	1
7967	265.5318	1
7968	265.5651	1
7969	265.5985	1
7970	265.6318	1
7971	265.6651	1
7972	265.6985	1
7973	265.7318	1
7974	265.7651	0
7975	265.7985	0
7976	265.8318	0
7977	265.8651	0
7978	265.8985	0
7979	265.9318	0
7980	265.9651	0
7981	265.9985	0
7982	266.0318	0
7983	266.0651	0
7984	266.0985	0
7985	266.1318	0
7986	266.1651	0
7987	266.1985	0
7988	266.2318	0
7989	266.2651	0
7990	266.2985	0
7991	266.3318	0
7992	266.3651	0
7993	266.3985	0
7994	266.4318	0
7995	266.4651	0
7996	266.4985	0
7997	266.5318	0
7998	266.5651	0
7999	266.5985	0
8000	266.6318	0
8001	266.6651	0
8002	266.6985	0
8003	266.7318	0
8004	266.7651	1
8005	266.7985	1
8006	266.8318	1
8007	266.8651	1
8008	266.8985	1
8009	266.9318	1
8010	266.9651	1
8011	266.9985	1
8012	267.0318	1
8013	267.0651	1
8014	267.0985	1
8015	267.1318	1
8016	267.1651	1
8017	267.1985	1
8018	267.2318	1
8019	267.2651	1
8020	267.2985	1
8021	267.3318	1
8022	267.3651	1
8023	267.3985	1
8024	267.4318	1
8025	267.4651	1
8026	267.4985	1
8027	267.5318	1
8028	267.5651	1
8029	267.5985	1
8030	267.6318	1
8031	267.6651	1
8032	267.6985	1
8033	267.7318	1
8034	267.7651	1
8035	267.7985	1
8036	267.8318	1
8037	267.8651	1
8038	267.8984	1
8039	267.9318	1
8040	267.9651	1
8041	267.9984	1
8042	268.0318	1
8043	268.0651	1
8044	268.0984	1
8045	268.1318	1
8046	268.1651	1
8047	268.1984	1
8048	268.2318	1
8049	268.2651	1
8050	268.2984	1
8051	268.3318	1
8052	268.3651	1
8053	268.3984	1
8054	268.4318	1
8055	268.4651	1
8056	268.4984	1
8057	268.5318	1
8058	268.5651	1
8059	268.5984	1
8060	268.6318	1
8061	268.6651	1
8062	268.6984	1
8063	268.7318	1
8064	268.7651	1
8065	268.7984	1
8066	268.8318	1
8067	268.8651	1
8068	268.8984	1
8069	268.9318	1
8070	268.9651	1
8071	268.9984	1
8072	269.0318	1
8073	269.0651	1
8074	269.0984	1
8075	269.1318	1
8076	269.1651	1
8077	269.1984	1
8078	269.2318	1
8079	269.2651	1
8080	269.2984	1
8081	269.3318	1
8082	269.3651	1
8083	269.3984	1
8084	269.4318	1
8085	269.4651	1
8086	269.4984	1
8087	269.5318	1
8088	269.5651	1
8089	269.5984	1
8090	269.6318	1
8091	269.6651	1
8092	269.6984	1
8093	269.7318	1
8094	269.7651	1
8095	269.7984	1
8096	269.8318	1
8097	269.8651	1
8098	269.8984	1
8099	269.9318	1
8100	269.9651	1
8101	269.9984	1
8102	270.0318	1
8103	270.0651	1
8104	270.0984	1
8105	270.1318	1
8106	270.1651	1
8107	270.1984	1
8108	270.2318	1
8109	270.2651	1
8110	270.2984	1
8111	270.3318	1
8112	270.3651	1
8113	270.3984	1
8114	270.4318	1
8115	270.4651	1
8116	270.4984	1
8117	270.5318	1
8118	270.5651	1
8119	270.5984	1
8120	270.6318	1
8121	270.6651	1
8122	270.6984	1
8123	270.7318	1
8124	270.7651	1
8125	270.7984	1
8126	270.8318	1
8127	270.8651	1
8128	270.8984	1
8129	270.9318	1
8130	270.9651	1
8131	270.9984	1
8132	271.0318	1
8133	271.0651	1
8134	271.0984	1
8135	271.1318	1
8136	271.1651	1
8137	271.1984	1
8138	271.2318	1
8139	271.2651	1
8140	271.2984	1
8141	271.3318	1
8142	271.3651	1
8143	271.3984	1
8144	271.4318	1
8145	271.4651	1
8146	271.4984	1
8147	271.5318	1
8148	271.5651	1
8149	271.5984	1
8150	271.6318	1
8151	271.6651	1
8152	271.6984	0
8153	271.7318	0
8154	271.7651	0
8155	271.7984	0
8156	271.8318	0
8157	271.8651	0
8158	271.8984	0
8159	271.9318	0
8160	271.9651	0
8161	271.9984	0
8162	272.0318	0
8163	272.0651	0
8164	272.0984	1
8165	272.1318	1
8166	272.1651	1
8167	272.1984	1
8168	272.2318	1
8169	272.2651	1
8170	272.2984	1
8171	272.3318	1
8172	272.3651	1
8173	272.3984	1
8174	272.4318	1
8175	272.4651	1
8176	272.4984	1
8177	272.5318	1
8178	272.5651	1
8179	272.5984	1
8180	272.6318	1
8181	272.6651	1
8182	272.6984	1
8183	272.7318	1
8184	272.7651	1
8185	272.7984	1
8186	272.8318	1
8187	272.8651	1
8188	272.8984	1
8189	272.9318	1
8190	272.9651	1
8191	272.9984	1
8192	273.0318	1
8193	273.0651	1
8194	273.0984	1
8195	273.1318	1
8196	273.1651	1
8197	273.1984	1
8198	273.2318	1
8199	273.2651	1
8200	273.2984	1
8201	273.3318	1
8202	273.3651	1
8203	273.3984	1
8204	273.4318	1
8205	273.4651	1
8206	273.4984	1
8207	273.5318	1
8208	273.5651	1
8209	273.5984	1
8210	273.6317	1
8211	273.6651	1
8212	273.6984	1
8213	273.7317	1
8214	273.7651	1
8215	273.7984	1
8216	273.8317	1
8217	273.8651	1
8218	273.8984	1
8219	273.9317	1
8220	273.9651	1
8221	273.9984	1
8222	274.0317	0
8223	274.0651	0
8224	274.0984	0
8225	274.1317	0
8226	274.1651	0
8227	274.1984	0
8228	274.2317	0
8229	274.2651	0
8230	274.2984	0
8231	274.3317	0
8232	274.3651	0
8233	274.3984	0
8234	274.4317	0
8235	274.4651	0
8236	274.4984	0
8237	274.5317	0
8238	274.5651	1
8239	274.5984	1
8240	274.6317	1
8241	274.6651	1
8242	274.6984	1
8243	274.7317	1
8244	274.7651	1
8245	274.7984	1
8246	274.8317	1
8247	274.8651	1
8248	274.8984	1
8249	274.9317	1
8250	274.9651	1
8251	274.9984	1
8252	275.0317	1
8253	275.0651	1
8254	275.0984	1
8255	275.1317	1
8256	275.1651	1
8257	275.1984	1
8258	275.2317	1
8259	275.2651	1
8260	275.2984	1
8261	275.3317	1
8262	275.3651	1
8263	275.3984	1
8264	275.4317	1
8265	275.4651	1
8266	275.4984	1
8267	275.5317	1
8268	275.5651	1
8269	275.5984	1
8270	275.6317	1
8271	275.6651	1
8272	275.6984	1
8273	275.7317	0
8274	275.7651	0
8275	275.7984	0
8276	275.8317	0
8277	275.8651	0
8278	275.8984	0
8279	275.9317	0
8280	275.9651	0
8281	275.9984	0
8282	276.0317	0
8283	276.0651	0
8284	276.0984	0
8285	276.1317	0
8286	276.1651	0
8287	276.1984	0
8288	276.2317	0
8289	276.2651	0
8290	276.2984	0
8291	276.3317	0
8292	276.3651	0
8293	276.3984	0
8294	276.4317	0
8295	276.4651	0
8296	276.4984	0
8297	276.5317	0
8298	276.5651	0
8299	276.5984	0
8300	276.6317	1
8301	276.6651	1
8302	276.6984	1
8303	276.7317	1
8304	276.7651	1
8305	276.7984	1
8306	276.8317	1
8307	276.8651	1
8308	276.8984	1
8309	276.9317	1
8310	276.9651	1
8311	276.9984	1
8312	277.0317	1
8313	277.0651	1
8314	277.0984	1
8315	277.1317	1
8316	277.1651	1
8317	277.1984	1
8318	277.2317	1
8319	277.2651	1
8320	277.2984	1
8321	277.3317	1
8322	277.3651	1
8323	277.3984	1
8324	277.4317	1
8325	277.4651	1
8326	277.4984	1
8327	277.5317	1
8328	277.5651	1
8329	277.5984	1
8330	277.6317	1
8331	277.6651	1
8332	277.6984	1
8333	277.7317	1
8334	277.7651	1
8335	277.7984	1
8336	277.8317	1
8337	277.8651	1
8338	277.8984	1
8339	277.9317	1
8340	277.9651	1
8341	277.9984	1
8342	278.0317	1
8343	278.0651	1
8344	278.0984	1
8345	278.1317	1
8346	278.1651	1
8347	278.1984	1
8348	278.2317	1
8349	278.2651	1
8350	278.2984	1
8351	278.3317	1
8352	278.3651	1
8353	278.3984	1
8354	278.4317	1
8355	278.4651	1
8356	278.4984	1
8357	278.5317	1
8358	278.5651	1
8359	278.5984	1
8360	278.6317	1
8361	278.6651	1
8362	278.6984	1
8363	278.7317	1
8364	278.7651	1
8365	278.7984	1
8366	278.8317	1
8367	278.8651	1
8368	278.8984	1
8369	278.9317	1
8370	278.9651	1
8371	278.9984	1
8372	279.0317	1
8373	279.0651	1
8374	279.0984	1
8375	279.1317	1
8376	279.1651	1
8377	279.1984	1
8378	279.2317	1
8379	279.2651	1
8380	279.2984	1
8381	279.3317	1
8382	279.3650	1
8383	279.3984	1
8384	279.4317	1
8385	279.4650	1
8386	279.4984	1
8387	279.5317	1
8388	279.5650	1
8389	279.5984	1
8390	279.6317	1
8391	279.6650	1
8392	279.6984	1
8393	279.7317	1
8394	279.7650	1
8395	279.7984	1
8396	279.8317	1
8397	279.8650	1
8398	279.8984	1
8399	279.9317	1
8400	279.9650	1
8401	279.9984	1
8402	280.0317	1
8403	280.0650	1
8404	280.0984	1
8405	280.1317	1
8406	280.1650	1
8407	280.1984	1
8408	280.2317	1
8409	280.2650	1
8410	280.2984	1
8411	280.3317	1
8412	280.3650	1
8413	280.3984	1
8414	280.4317	1
8415	280.4650	1
8416	280.4984	1
8417	280.5317	1
8418	280.5650	1
8419	280.5984	1
8420	280.6317	1
8421	280.6650	1
8422	280.6984	1
8423	280.7317	1
8424	280.7650	1
8425	280.7984	1
8426	280.8317	1
8427	280.8650	1
8428	280.8984	1
8429	280.9317	1
8430	280.9650	1
8431	280.9984	1
8432	281.0317	1
8433	281.0650	1
8434	281.0984	1
8435	281.1317	1
8436	281.1650	1
8437	281.1984	1
8438	281.2317	1
8439	281.2650	1
8440	281.2984	1
8441	281.3317	1
8442	281.3650	1
8443	281.3984	1
8444	281.4317	1
8445	281.4650	1
8446	281.4984	1
8447	281.5317	1
8448	281.5650	1
8449	281.5984	1
8450	281.6317	1
8451	281.6650	1
8452	281.6984	1
8453	281.7317	1
8454	281.7650	1
8455	281.7984	1
8456	281.8317	1
8457	281.8650	1
8458	281.8984	1
8459	281.9317	1
8460	281.9650	1
8461	281.9984	1
8462	282.0317	1
8463	282.0650	1
8464	282.0984	1
8465	282.1317	1
8466	282.1650	1
8467	282.1984	1
8468	282.2317	1
8469	282.2650	1
8470	282.2984	1
8471	282.3317	1
8472	282.3650	1
8473	282.3984	1
8474	282.4317	1
8475	282.4650	1
8476	282.4984	1
8477	282.5317	1
8478	282.5650	1
8479	282.5984	1
8480	282.6317	1
8481	282.6650	0
8482	282.6984	0
8483	282.7317	0
8484	282.7650	0
8485	282.7984	0
8486	282.8317	0
8487	282.8650	0
8488	282.8984	0
8489	282.9317	0
8490	282.9650	0
8491	282.9984	0
8492	283.0317	0
8493	283.0650	0
8494	283.0984	0
8495	283.1317	0
8496	283.1650	0
8497	283.1984	1
8498	283.2317	1
8499	283.2650	0
8500	283.2984	0
8501	283.3317	0
8502	283.3650	0
8503	283.3984	0
8504	283.4317	0
8505	283.4650	0
8506	283.4984	0
8507	283.5317	0
8508	283.5650	0
8509	283.5984	0
8510	283.6317	0
8511	283.6650	0
8512	283.6984	0
8513	283.7317	0
8514	283.7650	0
8515	283.7984	1
8516	283.8317	1
8517	283.8650	1
8518	283.8984	1
8519	283.9317	1
8520	283.9650	1
8521	283.9984	1
8522	284.0317	1
8523	284.0650	1
8524	284.0984	1
8525	284.1317	1
8526	284.1650	1
8527	284.1984	1
8528	284.2317	1
8529	284.2650	1
8530	284.2984	1
8531	284.3317	1
8532	284.3650	1
8533	284.3984	1
8534	284.4317	1
8535	284.4650	1
8536	284.4984	1
8537	284.5317	1
8538	284.5650	1
8539	284.5984	1
8540	284.6317	1
8541	284.6650	1
8542	284.6984	1
8543	284.7317	1
8544	284.7650	1
8545	284.7984	0
8546	284.8317	0
8547	284.8650	0
8548	284.8984	0
8549	284.9317	0
8550	284.9650	0
8551	284.9984	0
8552	285.0317	0
8553	285.0650	0
8554	285.0983	0
8555	285.1317	0
8556	285.1650	1
8557	285.1983	0
8558	285.2317	1
8559	285.2650	1
8560	285.2983	1
8561	285.3317	1
8562	285.3650	1
8563	285.3983	1
8564	285.4317	1
8565	285.4650	1
8566	285.4983	1
8567	285.5317	1
8568	285.5650	1
8569	285.5983	1
8570	285.6317	1
8571	285.6650	1
8572	285.6983	1
8573	285.7317	1
8574	285.7650	1
8575	285.7983	1
8576	285.8317	1
8577	285.8650	1
8578	285.8983	1
8579	285.9317	1
8580	285.9650	1
8581	285.9983	1
8582	286.0317	1
8583	286.0650	1
8584	286.0983	1
8585	286.1317	1
8586	286.1650	1
8587	286.1983	1
8588	286.2317	1
8589	286.2650	1
8590	286.2983	1
8591	286.3317	1
8592	286.3650	1
8593	286.3983	1
8594	286.4317	1
8595	286.4650	1
8596	286.4983	1
8597	286.5317	1
8598	286.5650	1
8599	286.5983	1
8600	286.6317	1
8601	286.6650	1
8602	286.6983	1
8603	286.7317	1
8604	286.7650	1
8605	286.7983	1
8606	286.8317	1
8607	286.8650	1
8608	286.8983	1
8609	286.9317	0
8610	286.9650	0
8611	286.9983	0
8612	287.0317	0
8613	287.0650	0
8614	287.0983	0
8615	287.1317	0
8616	287.1650	0
8617	287.1983	0
8618	287.2317	0
8619	287.2650	0
8620	287.2983	0
8621	287.3317	0
8622	287.3650	0
8623	287.3983	0
8624	287.4317	0
8625	287.4650	0
8626	287.4983	0
8627	287.5317	0
8628	287.5650	0
8629	287.5983	0
8630	287.6317	0
8631	287.6650	0
8632	287.6983	0
8633	287.7317	0
8634	287.7650	0
8635	287.7983	0
8636	287.8317	0
8637	287.8650	0
8638	287.8983	0
8639	287.9317	0
8640	287.9650	0
8641	287.9983	0
8642	288.0317	0
8643	288.0650	0
8644	288.0983	0
8645	288.1317	0
8646	288.1650	0
8647	288.1983	0
8648	288.2317	0
8649	288.2650	0
8650	288.2983	0
8651	288.3317	0
8652	288.3650	0
8653	288.3983	0
8654	288.4317	0
8655	288.4650	0
8656	288.4983	0
8657	288.5317	0
8658	288.5650	0
8659	288.5983	0
8660	288.6317	0
8661	288.6650	0
8662	288.6983	0
8663	288.7317	0
8664	288.7650	0
8665	288.7983	0
8666	288.8317	0
8667	288.8650	0
8668	288.8983	0
8669	288.9317	0
8670	288.9650	1
8671	288.9983	1
8672	289.0317	1
8673	289.0650	1
8674	289.0983	1
8675	289.1317	1
8676	289.1650	1
8677	289.1983	1
8678	289.2317	1
8679	289.2650	1
8680	289.2983	1
8681	289.3317	1
8682	289.3650	1
8683	289.3983	1
8684	289.4317	1
8685	289.4650	1
8686	289.4983	1
8687	289.5317	1
8688	289.5650	1
8689	289.5983	1
8690	289.6317	1
8691	289.6650	1
8692	289.6983	1
8693	289.7317	1
8694	289.7650	1
8695	289.7983	1
8696	289.8317	1
8697	289.8650	1
8698	289.8983	1
8699	289.9317	1
8700	289.9650	1
8701	289.9983	1
8702	290.0317	1
8703	290.0650	1
8704	290.0983	1
8705	290.1317	1
8706	290.1650	1
8707	290.1983	1
8708	290.2317	1
8709	290.2650	1
8710	290.2983	1
8711	290.3317	1
8712	290.3650	1
8713	290.3983	1
8714	290.4317	1
8715	290.4650	1
8716	290.4983	1
8717	290.5317	1
8718	290.5650	0
8719	290.5983	0
8720	290.6317	0
8721	290.6650	0
8722	290.6983	0
8723	290.7317	0
8724	290.7650	0
8725	290.7983	0
8726	290.8317	0
8727	290.8650	0
8728	290.8983	0
8729	290.9316	0
8730	290.9650	0
8731	290.9983	0
8732	291.0316	0
8733	291.0650	0
8734	291.0983	0
8735	291.1316	0
8736	291.1650	0
8737	291.1983	0
8738	291.2316	0
8739	291.2650	0
8740	291.2983	0
8741	291.3316	0
8742	291.3650	0
8743	291.3983	0
8744	291.4316	0
8745	291.4650	0
8746	291.4983	1
8747	291.5316	1
8748	291.5650	1
8749	291.5983	1
8750	291.6316	1
8751	291.6650	1
8752	291.6983	1
8753	291.7316	1
8754	291.7650	1
8755	291.7983	1
8756	291.8316	1
8757	291.8650	1
8758	291.8983	1
8759	291.9316	1
8760	291.9650	1
8761	291.9983	1
8762	292.0316	1
8763	292.0650	1
8764	292.0983	1
8765	292.1316	1
8766	292.1650	1
8767	292.1983	1
8768	292.2316	1
8769	292.2650	1
8770	292.2983	1
8771	292.3316	1
8772	292.3650	1
8773	292.3983	1
8774	292.4316	1
8775	292.4650	1
8776	292.4983	1
8777	292.5316	1
8778	292.5650	1
8779	292.5983	1
8780	292.6316	1
8781	292.6650	1
8782	292.6983	1
8783	292.7316	1
8784	292.7650	1
8785	292.7983	1
8786	292.8316	1
8787	292.8650	1
8788	292.8983	1
8789	292.9316	1
8790	292.9650	1
8791	292.9983	1
8792	293.0316	1
8793	293.0650	1
8794	293.0983	1
8795	293.1316	1
8796	293.1650	1
8797	293.1983	1
8798	293.2316	1
8799	293.2650	1
8800	293.2983	1
8801	293.3316	1
8802	293.3650	1
8803	293.3983	1
8804	293.4316	1
8805	293.4650	1
8806	293.4983	1
8807	293.5316	1
8808	293.5650	1
8809	293.5983	1
8810	293.6316	1
8811	293.6650	1
8812	293.6983	1
8813	293.7316	1
8814	293.7650	1
8815	293.7983	1
8816	293.8316	1
8817	293.8650	1
8818	293.8983	1
8819	293.9316	1
8820	293.9650	1
8821	293.9983	1
8822	294.0316	1
8823	294.0650	1
8824	294.0983	0
8825	294.1316	0
8826	294.1650	0
8827	294.1983	0
8828	294.2316	0
8829	294.2650	0
8830	294.2983	0
8831	294.3316	0
8832	294.3650	0
8833	294.3983	0
8834	294.4316	0
8835	294.4650	0
8836	294.4983	0
8837	294.5316	0
8838	294.5650	0
8839	294.5983	0
8840	294.6316	0
8841	294.6650	0
8842	294.6983	0
8843	294.7316	0
8844	294.7650	0
8845	294.7983	0
8846	294.8316	0
8847	294.8650	0
8848	294.8983	0
8849	294.9316	0
8850	294.9650	0
8851	294.9983	0
8852	295.0316	0
8853	295.0650	0
8854	295.0983	0
8855	295.1316	0
8856	295.1650	0
8857	295.1983	0
8858	295.2316	0
8859	295.2650	0
8860	295.2983	0
8861	295.3316	0
8862	295.3650	0
8863	295.3983	0
8864	295.4316	0
8865	295.4650	0
8866	295.4983	0
8867	295.5316	0
8868	295.5650	0
8869	295.5983	0
8870	295.6316	0
8871	295.6650	0
8872	295.6983	0
8873	295.7316	0
8874	295.7650	0
8875	295.7983	0
8876	295.8316	0
8877	295.8650	0
8878	295.8983	0
8879	295.9316	0
8880	295.9650	0
8881	295.9983	0
8882	296.0316	0
8883	296.0650	0
8884	296.0983	0
8885	296.1316	0
8886	296.1650	0
8887	296.1983	0
8888	296.2316	0
8889	296.2650	0
8890	296.2983	0
8891	296.3316	0
8892	296.3650	0
8893	296.3983	0
8894	296.4316	0
8895	296.4650	0
8896	296.4983	0
8897	296.5316	0
8898	296.5650	1
8899	296.5983	1
8900	296.6316	1
8901	296.6649	1
8902	296.6983	1
8903	296.7316	1
8904	296.7649	1
8905	296.7983	1
8906	296.8316	1
8907	296.8649	1
8908	296.8983	1
8909	296.9316	1
8910	296.9649	1
8911	296.9983	1
8912	297.0316	1
8913	297.0649	1
8914	297.0983	1
8915	297.1316	1
8916	297.1649	1
8917	297.1983	1
8918	297.2316	1
8919	297.2649	1
8920	297.2983	1
8921	297.3316	1
8922	297.3649	1
8923	297.3983	1
8924	297.4316	1
8925	297.4649	1
8926	297.4983	1
8927	297.5316	1
8928	297.5649	1
8929	297.5983	1
8930	297.6316	1
8931	297.6649	1
8932	297.6983	1
8933	297.7316	1
8934	297.7649	1
8935	297.7983	1
8936	297.8316	0
8937	297.8649	0
8938	297.8983	0
8939	297.9316	0
8940	297.9649	0
8941	297.9983	0
8942	298.0316	0
8943	298.0649	1
8944	298.0983	1
8945	298.1316	1
8946	298.1649	1
8947	298.1983	1
8948	298.2316	1
8949	298.2649	1
8950	298.2983	1
8951	298.3316	1
8952	298.3649	1
8953	298.3983	1
8954	298.4316	1
8955	298.4649	1
8956	298.4983	1
8957	298.5316	1
8958	298.5649	1
8959	298.5983	1
8960	298.6316	1
8961	298.6649	1
8962	298.6983	1
8963	298.7316	1
8964	298.7649	1
8965	298.7983	1
8966	298.8316	1
8967	298.8649	1
8968	298.8983	1
8969	298.9316	1
8970	298.9649	1
8971	298.9983	1
8972	299.0316	1
8973	299.0649	1
8974	299.0983	1
8975	299.1316	1
8976	299.1649	1
8977	299.1983	1
8978	299.2316	1
8979	299.2649	1
8980	299.2983	1
8981	299.3316	1
8982	299.3649	1
8983	299.3983	1
8984	299.4316	1
8985	299.4649	1
8986	299.4983	1
8987	299.5316	1
8988	299.5649	1
8989	299.5983	1
8990	299.6316	1
8991	299.6649	1
8992	299.6983	1
8993	299.7316	1
8994	299.7649	1
8995	299.7983	1
8996	299.8316	1
8997	299.8649	1
8998	299.8983	1
8999	299.9316	1
9000	299.9649	1
9001	299.9983	1
9002	300.0316	1
9003	300.0649	1
9004	300.0983	1
9005	300.1316	1
9006	300.1649	1
9007	300.1983	1
9008	300.2316	1
9009	300.2649	1
9010	300.2983	1
9011	300.3316	1
9012	300.3649	1
9013	300.3983	1
9014	300.4316	1
9015	300.4649	1
9016	300.4983	1
9017	300.5316	1
9018	300.5649	1
9019	300.5983	1
9020	300.6316	1
9021	300.6649	1
9022	300.6983	1
9023	300.7316	1
9024	300.7649	1
9025	300.7983	1
9026	300.8316	1
9027	300.8649	1
9028	300.8983	1
9029	300.9316	1
9030	300.9649	1
9031	300.9983	1
9032	301.0316	1
9033	301.0649	1
9034	301.0983	1
9035	301.1316	1
9036	301.1649	1
9037	301.1983	1
9038	301.2316	1
9039	301.2649	1
9040	301.2983	1
9041	301.3316	1
9042	301.3649	1
9043	301.3983	1
9044	301.4316	1
9045	301.4649	1
9046	301.4983	1
9047	301.5316	1
9048	301.5649	1
9049	301.5983	1
9050	301.6316	1
9051	301.6649	1
9052	301.6983	1
9053	301.7316	1
9054	301.7649	1
9055	301.7983	1
9056	301.8316	1
9057	301.8649	1
9058	301.8983	1
9059	301.9316	1
9060	301.9649	1
9061	301.9983	1
9062	302.0316	1
9063	302.0649	1
9064	302.0983	1
9065	302.1316	1
9066	302.1649	1
9067	302.1983	1
9068	302.2316	1
9069	302.2649	1
9070	302.2983	1
9071	302.3316	1
9072	302.3649	1
9073	302.3982	1
9074	302.4316	1
9075	302.4649	1
9076	302.4982	1
9077	302.5316	1
9078	302.5649	1
9079	302.5982	1
9080	302.6316	1
9081	302.6649	1
9082	302.6982	1
9083	302.7316	1
9084	302.7649	1
9085	302.7982	1
9086	302.8316	1
9087	302.8649	1
9088	302.8982	1
9089	302.9316	1
9090	302.9649	1
9091	302.9982	1
9092	303.0316	1
9093	303.0649	1
9094	303.0982	1
9095	303.1316	1
9096	303.1649	1
9097	303.1982	1
9098	303.2316	1
9099	303.2649	1
9100	303.2982	0
9101	303.3316	0
9102	303.3649	0
9103	303.3982	0
9104	303.4316	0
9105	303.4649	0
9106	303.4982	0
9107	303.5316	0
9108	303.5649	0
9109	303.5982	0
9110	303.6316	0
9111	303.6649	0
9112	303.6982	0
9113	303.7316	0
9114	303.7649	0
9115	303.7982	0
9116	303.8316	0
9117	303.8649	0
9118	303.8982	0
9119	303.9316	0
9120	303.9649	0
9121	303.9982	0
9122	304.0316	0
9123	304.0649	0
9124	304.0982	0
9125	304.1316	0
9126	304.1649	0
9127	304.1982	0
9128	304.2316	0
9129	304.2649	0
9130	304.2982	0
9131	304.3316	0
9132	304.3649	0
9133	304.3982	0
9134	304.4316	0
9135	304.4649	0
9136	304.4982	0
9137	304.5316	0
9138	304.5649	0
9139	304.5982	0
9140	304.6316	0
9141	304.6649	0
9142	304.6982	0
9143	304.7316	1
9144	304.7649	1
9145	304.7982	1
9146	304.8316	1
9147	304.8649	1
9148	304.8982	1
9149	304.9316	1
9150	304.9649	1
9151	304.9982	1
9152	305.0316	1
9153	305.0649	1
9154	305.0982	1
9155	305.1316	1
9156	305.1649	1
9157	305.1982	1
9158	305.2316	1
9159	305.2649	1
9160	305.2982	1
9161	305.3316	1
9162	305.3649	1
9163	305.3982	1
9164	305.4316	1
9165	305.4649	1
9166	305.4982	1
9167	305.5316	1
9168	305.5649	1
9169	305.5982	1
9170	305.6316	1
9171	305.6649	1
9172	305.6982	1
9173	305.7316	1
9174	305.7649	1
9175	305.7982	1
9176	305.8316	1
9177	305.8649	1
9178	305.8982	1
9179	305.9316	1
9180	305.9649	1
9181	305.9982	1
9182	306.0316	1
9183	306.0649	1
9184	306.0982	1
9185	306.1316	1
9186	306.1649	1
9187	306.1982	1
9188	306.2316	1
9189	306.2649	1
9190	306.2982	1
9191	306.3316	1
9192	306.3649	1
9193	306.3982	1
9194	306.4316	1
9195	306.4649	1
9196	306.4982	1
9197	306.5316	1
9198	306.5649	1
9199	306.5982	1
9200	306.6316	1
9201	306.6649	1
9202	306.6982	1
9203	306.7316	1
9204	306.7649	1
9205	306.7982	1
9206	306.8316	1
9207	306.8649	1
9208	306.8982	1
9209	306.9316	1
9210	306.9649	1
9211	306.9982	1
9212	307.0316	1
9213	307.0649	1
9214	307.0982	1
9215	307.1316	1
9216	307.1649	1
9217	307.1982	1
9218	307.2316	1
9219	307.2649	1
9220	307.2982	0
9221	307.3316	0
9222	307.3649	0
9223	307.3982	0
9224	307.4316	0
9225	307.4649	0
9226	307.4982	0
9227	307.5316	0
9228	307.5649	0
9229	307.5982	0
9230	307.6316	0
9231	307.6649	0
9232	307.6982	0
9233	307.7316	0
9234	307.7649	0
9235	307.7982	0
9236	307.8316	0
9237	307.8649	0
9238	307.8982	0
9239	307.9316	0
9240	307.9649	0
9241	307.9982	0
9242	308.0316	0
9243	308.0649	0
9244	308.0982	0
9245	308.1315	0
9246	308.1649	0
9247	308.1982	0
9248	308.2315	0
9249	308.2649	0
9250	308.2982	0
9251	308.3315	0
9252	308.3649	0
9253	308.3982	0
9254	308.4315	1
9255	308.4649	1
9256	308.4982	1
9257	308.5315	1
9258	308.5649	1
9259	308.5982	1
9260	308.6315	1
9261	308.6649	1
9262	308.6982	1
9263	308.7315	1
9264	308.7649	1
9265	308.7982	1
9266	308.8315	1
9267	308.8649	1
9268	308.8982	1
9269	308.9315	1
9270	308.9649	1
9271	308.9982	1
9272	309.0315	1
9273	309.0649	1
9274	309.0982	1
9275	309.1315	1
9276	309.1649	1
9277	309.1982	1
9278	309.2315	1
9279	309.2649	1
9280	309.2982	1
9281	309.3315	1
9282	309.3649	1
9283	309.3982	1
9284	309.4315	1
9285	309.4649	1
9286	309.4982	1
9287	309.5315	1
9288	309.5649	1
9289	309.5982	1
9290	309.6315	0
9291	309.6649	0
9292	309.6982	0
9293	309.7315	0
9294	309.7649	0
9295	309.7982	0
9296	309.8315	0
9297	309.8649	0
9298	309.8982	0
9299	309.9315	0
9300	309.9649	1
9301	309.9982	0
9302	310.0315	0
9303	310.0649	0
9304	310.0982	0
9305	310.1315	0
9306	310.1649	0
9307	310.1982	0
9308	310.2315	0
9309	310.2649	0
9310	310.2982	0
9311	310.3315	0
9312	310.3649	0
9313	310.3982	0
9314	310.4315	0
9315	310.4649	0
9316	310.4982	0
9317	310.5315	0
9318	310.5649	0
9319	310.5982	0
9320	310.6315	0
9321	310.6649	1
9322	310.6982	1
9323	310.7315	1
9324	310.7649	1
9325	310.7982	1
9326	310.8315	1
9327	310.8649	1
9328	310.8982	1
9329	310.9315	1
9330	310.9649	1
9331	310.9982	1
9332	311.0315	1
9333	311.0649	1
9334	311.0982	0
9335	311.1315	0
9336	311.1649	0
9337	311.1982	0
9338	311.2315	0
9339	311.2649	1
9340	311.2982	1
9341	311.3315	1
9342	311.3649	1
9343	311.3982	1
9344	311.4315	0
9345	311.4649	1
9346	311.4982	0
9347	311.5315	0
9348	311.5649	0
9349	311.5982	0
9350	311.6315	0
9351	311.6649	1
9352	311.6982	1
9353	311.7315	1
9354	311.7649	1
9355	311.7982	1
9356	311.8315	1
9357	311.8649	1
9358	311.8982	1
9359	311.9315	1
9360	311.9649	1
9361	311.9982	1
9362	312.0315	1
9363	312.0649	1
9364	312.0982	1
9365	312.1315	1
9366	312.1649	1
9367	312.1982	1
9368	312.2315	1
9369	312.2649	1
9370	312.2982	1
9371	312.3315	1
9372	312.3649	1
9373	312.3982	1
9374	312.4315	1
9375	312.4649	1
9376	312.4982	1
9377	312.5315	1
9378	312.5649	1
9379	312.5982	1
9380	312.6315	1
9381	312.6649	1
9382	312.6982	1
9383	312.7315	1
9384	312.7649	1
9385	312.7982	1
9386	312.8315	1
9387	312.8649	1
9388	312.8982	1
9389	312.9315	1
9390	312.9649	1
9391	312.9982	1
9392	313.0315	1
9393	313.0649	1
9394	313.0982	1
9395	313.1315	1
9396	313.1649	1
9397	313.1982	1
9398	313.2315	1
9399	313.2649	1
9400	313.2982	1
9401	313.3315	1
9402	313.3649	1
9403	313.3982	1
9404	313.4315	1
9405	313.4649	1
9406	313.4982	1
9407	313.5315	1
9408	313.5649	1
9409	313.5982	1
9410	313.6315	1
9411	313.6649	1
9412	313.6982	1
9413	313.7315	1
9414	313.7649	1
9415	313.7982	1
9416	313.8315	1
9417	313.8649	1
9418	313.8982	1
9419	313.9315	1
9420	313.9648	1
9421	313.9982	1
9422	314.0315	1
9423	314.0648	1
9424	314.0982	1
9425	314.1315	1
9426	314.1648	1
9427	314.1982	1
9428	314.2315	1
9429	314.2648	1
9430	314.2982	1
9431	314.3315	1
9432	314.3648	1
9433	314.3982	1
9434	314.4315	1
9435	314.4648	1
9436	314.4982	0
9437	314.5315	0
9438	314.5648	0
9439	314.5982	0
9440	314.6315	0
9441	314.6648	0
9442	314.6982	0
9443	314.7315	0
9444	314.7648	0
9445	314.7982	0
9446	314.8315	0
9447	314.8648	0
9448	314.8982	0
9449	314.9315	0
9450	314.9648	0
9451	314.9982	0
9452	315.0315	0
9453	315.0648	0
9454	315.0982	0
9455	315.1315	0
9456	315.1648	0
9457	315.1982	0
9458	315.2315	0
9459	315.2648	0
9460	315.2982	0
9461	315.3315	0
9462	315.3648	0
9463	315.3982	0
9464	315.4315	0
9465	315.4648	0
9466	315.4982	0
9467	315.5315	0
9468	315.5648	0
9469	315.5982	0
9470	315.6315	0
9471	315.6648	0
9472	315.6982	0
9473	315.7315	0
9474	315.7648	0
9475	315.7982	0
9476	315.8315	0
9477	315.8648	0
9478	315.8982	0
9479	315.9315	0
9480	315.9648	0
9481	315.9982	0
9482	316.0315	0
9483	316.0648	1
9484	316.0982	1
9485	316.1315	1
9486	316.1648	1
9487	316.1982	1
9488	316.2315	1
9489	316.2648	1
9490	316.2982	1
9491	316.3315	1
9492	316.3648	1
9493	316.3982	1
9494	316.4315	1
9495	316.4648	1
9496	316.4982	1
9497	316.5315	1
9498	316.5648	1
9499	316.5982	1
9500	316.6315	1
9501	316.6648	1
9502	316.6982	1
9503	316.7315	1
9504	316.7648	1
9505	316.7982	1
9506	316.8315	1
9507	316.8648	1
9508	316.8982	1
9509	316.9315	1
9510	316.9648	1
9511	316.9982	1
9512	317.0315	1
9513	317.0648	1
9514	317.0982	1
9515	317.1315	1
9516	317.1648	1
9517	317.1982	1
9518	317.2315	1
9519	317.2648	1
9520	317.2982	1
9521	317.3315	1
9522	317.3648	1
9523	317.3982	1
9524	317.4315	1
9525	317.4648	1
9526	317.4982	1
9527	317.5315	1
9528	317.5648	1
9529	317.5982	1
9530	317.6315	1
9531	317.6648	1
9532	317.6982	1
9533	317.7315	1
9534	317.7648	1
9535	317.7982	1
9536	317.8315	1
9537	317.8648	1
9538	317.8982	1
9539	317.9315	1
9540	317.9648	1
9541	317.9982	1
9542	318.0315	1
9543	318.0648	1
9544	318.0982	1
9545	318.1315	1
9546	318.1648	1
9547	318.1982	1
9548	318.2315	1
9549	318.2648	1
9550	318.2982	1
9551	318.3315	1
9552	318.3648	1
9553	318.3982	1
9554	318.4315	1
9555	318.4648	1
9556	318.4982	1
9557	318.5315	1
9558	318.5648	1
9559	318.5982	1
9560	318.6315	1
9561	318.6648	1
9562	318.6982	1
9563	318.7315	1
9564	318.7648	1
9565	318.7982	1
9566	318.8315	1
9567	318.8648	1
9568	318.8982	1
9569	318.9315	1
9570	318.9648	1
9571	318.9982	1
9572	319.0315	1
9573	319.0648	1
9574	319.0982	1
9575	319.1315	1
9576	319.1648	1
9577	319.1982	1
9578	319.2315	1
9579	319.2648	1
9580	319.2982	1
9581	319.3315	1
9582	319.3648	1
9583	319.3982	1
9584	319.4315	0
9585	319.4648	0
9586	319.4982	0
9587	319.5315	0
9588	319.5648	0
9589	319.5982	0
9590	319.6315	0
9591	319.6648	0
9592	319.6981	0
9593	319.7315	0
9594	319.7648	0
9595	319.7981	0
9596	319.8315	0
9597	319.8648	0
9598	319.8981	0
9599	319.9315	0
9600	319.9648	0
9601	319.9981	0
9602	320.0315	0
9603	320.0648	0
9604	320.0981	0
9605	320.1315	0
9606	320.1648	0
9607	320.1981	0
9608	320.2315	0
9609	320.2648	0
9610	320.2981	0
9611	320.3315	0
9612	320.3648	0
9613	320.3981	0
9614	320.4315	0
9615	320.4648	0
9616	320.4981	0
9617	320.5315	0
9618	320.5648	0
9619	320.5981	0
9620	320.6315	0
9621	320.6648	0
9622	320.6981	0
9623	320.7315	0
9624	320.7648	0
9625	320.7981	1
9626	320.8315	0
9627	320.8648	1
9628	320.8981	1
9629	320.9315	1
9630	320.9648	1
9631	320.9981	1
9632	321.0315	1
9633	321.0648	1
9634	321.0981	1
9635	321.1315	1
9636	321.1648	1
9637	321.1981	1
9638	321.2315	1
9639	321.2648	1
9640	321.2981	1
9641	321.3315	1
9642	321.3648	1
9643	321.3981	1
9644	321.4315	1
9645	321.4648	1
9646	321.4981	1
9647	321.5315	1
9648	321.5648	1
9649	321.5981	1
9650	321.6315	1
9651	321.6648	1
9652	321.6981	1
9653	321.7315	1
9654	321.7648	1
9655	321.7981	1
9656	321.8315	1
9657	321.8648	1
9658	321.8981	1
9659	321.9315	1
9660	321.9648	1
9661	321.9981	1
9662	322.0315	1
9663	322.0648	1
9664	322.0981	1
9665	322.1315	1
9666	322.1648	1
9667	322.1981	1
9668	322.2315	1
9669	322.2648	1
9670	322.2981	1
9671	322.3315	1
9672	322.3648	1
9673	322.3981	1
9674	322.4315	1
9675	322.4648	1
9676	322.4981	1
9677	322.5315	1
9678	322.5648	1
9679	322.5981	1
9680	322.6315	1
9681	322.6648	1
9682	322.6981	1
9683	322.7315	1
9684	322.7648	1
9685	322.7981	1
9686	322.8315	1
9687	322.8648	1
9688	322.8981	1
9689	322.9315	1
9690	322.9648	1
9691	322.9981	1
9692	323.0315	1
9693	323.0648	1
9694	323.0981	1
9695	323.1315	1
9696	323.1648	1
9697	323.1981	1
9698	323.2315	1
9699	323.2648	1
9700	323.2981	1
9701	323.3315	1
9702	323.3648	1
9703	323.3981	1
9704	323.4315	1
9705	323.4648	1
9706	323.4981	1
9707	323.5315	1
9708	323.5648	1
9709	323.5981	1
9710	323.6315	1
9711	323.6648	1
9712	323.6981	1
9713	323.7315	1
9714	323.7648	1
9715	323.7981	1
9716	323.8315	1
9717	323.8648	1
9718	323.8981	1
9719	323.9315	1
9720	323.9648	1
9721	323.9981	1
9722	324.0315	1
9723	324.0648	1
9724	324.0981	1
9725	324.1315	1
9726	324.1648	1
9727	324.1981	1
9728	324.2315	1
9729	324.2648	1
9730	324.2981	1
9731	324.3315	1
9732	324.3648	1
9733	324.3981	1
9734	324.4315	1
9735	324.4648	1
9736	324.4981	1
9737	324.5315	1
9738	324.5648	1
9739	324.5981	1
9740	324.6315	1
9741	324.6648	1
9742	324.6981	1
9743	324.7315	1
9744	324.7648	1
9745	324.7981	1
9746	324.8315	1
9747	324.8648	1
9748	324.8981	1
9749	324.9315	1
9750	324.9648	1
9751	324.9981	1
9752	325.0315	1
9753	325.0648	1
9754	325.0981	1
9755	325.1315	0
9756	325.1648	0
9757	325.1981	0
9758	325.2315	0
9759	325.2648	0
9760	325.2981	0
9761	325.3315	0
9762	325.3648	0
9763	325.3981	0
9764	325.4314	0
9765	325.4648	0
9766	325.4981	0
9767	325.5314	0
9768	325.5648	0
9769	325.5981	0
9770	325.6314	0
9771	325.6648	0
9772	325.6981	0
9773	325.7314	0
9774	325.7648	0
9775	325.7981	0
9776	325.8314	0
9777	325.8648	0
9778	325.8981	0
9779	325.9314	0
9780	325.9648	0
9781	325.9981	0
9782	326.0314	0
9783	326.0648	0
9784	326.0981	0
9785	326.1314	0
9786	326.1648	0
9787	326.1981	0
9788	326.2314	0
9789	326.2648	1
9790	326.2981	1
9791	326.3314	1
9792	326.3648	1
9793	326.3981	1
9794	326.4314	1
9795	326.4648	1
9796	326.4981	1
9797	326.5314	1
9798	326.5648	1
9799	326.5981	1
9800	326.6314	1
9801	326.6648	1
9802	326.6981	1
9803	326.7314	1
9804	326.7648	1
9805	326.7981	1
9806	326.8314	1
9807	326.8648	1
9808	326.8981	1
9809	326.9314	1
9810	326.9648	1
9811	326.9981	1
9812	327.0314	1
9813	327.0648	1
9814	327.0981	1
9815	327.1314	1
9816	327.1648	1
9817	327.1981	1
9818	327.2314	1
9819	327.2648	1
9820	327.2981	1
9821	327.3314	1
9822	327.3648	1
9823	327.3981	1
9824	327.4314	1
9825	327.4648	1
9826	327.4981	1
9827	327.5314	1
9828	327.5648	1
9829	327.5981	1
9830	327.6314	1
9831	327.6648	1
9832	327.6981	1
9833	327.7314	1
9834	327.7648	1
9835	327.7981	1
9836	327.8314	1
9837	327.8648	1
9838	327.8981	1
9839	327.9314	1
9840	327.9648	1
9841	327.9981	1
9842	328.0314	1
9843	328.0648	1
9844	328.0981	1
9845	328.1314	1
9846	328.1648	1
9847	328.1981	1
9848	328.2314	1
9849	328.2648	1
9850	328.2981	1
9851	328.3314	1
9852	328.3648	1
9853	328.3981	1
9854	328.4314	1
9855	328.4648	1
9856	328.4981	1
9857	328.5314	1
9858	328.5648	1
9859	328.5981	1
9860	328.6314	1
9861	328.6648	1
9862	328.6981	1
9863	328.7314	1
9864	328.7648	1
9865	328.7981	1
9866	328.8314	1
9867	328.8648	1
9868	328.8981	1
9869	328.9314	1
9870	328.9648	1
9871	328.9981	1
9872	329.0314	1
9873	329.0648	1
9874	329.0981	1
9875	329.1314	1
9876	329.1648	1
9877	329.1981	1
9878	329.2314	1
9879	329.2648	1
9880	329.2981	1
9881	329.3314	1
9882	329.3648	1
9883	329.3981	1
9884	329.4314	1
9885	329.4648	1
9886	329.4981	1
9887	329.5314	1
9888	329.5648	1
9889	329.5981	1
9890	329.6314	1
9891	329.6648	1
9892	329.6981	1
9893	329.7314	1
9894	329.7648	1
9895	329.7981	1
9896	329.8314	0
9897	329.8648	0
9898	329.8981	0
9899	329.9314	0
9900	329.9648	0
9901	329.9981	0
9902	330.0314	0
9903	330.0648	0
9904	330.0981	0
9905	330.1314	0
9906	330.1648	0
9907	330.1981	0
9908	330.2314	0
9909	330.2648	0
9910	330.2981	0
9911	330.3314	0
9912	330.3648	0
9913	330.3981	0
9914	330.4314	0
9915	330.4648	1
9916	330.4981	1
9917	330.5314	1
9918	330.5648	1
9919	330.5981	1
9920	330.6314	1
9921	330.6648	1
9922	330.6981	1
9923	330.7314	1
9924	330.7648	1
9925	330.7981	1
9926	330.8314	1
9927	330.8648	1
9928	330.8981	1
9929	330.9314	1
9930	330.9648	1
9931	330.9981	1
9932	331.0314	1
9933	331.0648	1
9934	331.0981	1
9935	331.1314	1
9936	331.1647	1
9937	331.1981	1
9938	331.2314	1
9939	331.2647	1
9940	331.2981	1
9941	331.3314	1
9942	331.3647	1
9943	331.3981	1
9944	331.4314	1
9945	331.4647	1
9946	331.4981	1
9947	331.5314	1
9948	331.5647	0
9949	331.5981	0
9950	331.6314	0
9951	331.6647	0
9952	331.6981	0
9953	331.7314	0
9954	331.7647	0
9955	331.7981	0
9956	331.8314	0
9957	331.8647	0
9958	331.8981	0
9959	331.9314	0
9960	331.9647	0
9961	331.9981	0
9962	332.0314	0
9963	332.0647	0
9964	332.0981	0
9965	332.1314	0
9966	332.1647	0
9967	332.1981	0
9968	332.2314	0
9969	332.2647	0
9970	332.2981	0
9971	332.3314	0
9972	332.3647	0
9973	332.3981	0
9974	332.4314	0
9975	332.4647	0
9976	332.4981	0
9977	332.5314	0
9978	332.5647	0
9979	332.5981	0
9980	332.6314	0
9981	332.6647	0
9982	332.6981	0
9983	332.7314	0
9984	332.7647	0
9985	332.7981	0
9986	332.8314	0
9987	332.8647	0
9988	332.8981	0
9989	332.9314	0
9990	332.9647	0
9991	332.9981	0
9992	333.0314	0
9993	333.0647	0
9994	333.0981	0
9995	333.1314	0
9996	333.1647	0
9997	333.1981	0
9998	333.2314	0
9999	333.2647	0
10000	333.2981	1
10001	333.3314	1
10002	333.3647	1
10003	333.3981	1
10004	333.4314	1
10005	333.4647	1
10006	333.4981	1
10007	333.5314	1
10008	333.5647	1
10009	333.5981	1
10010	333.6314	1
10011	333.6647	1
10012	333.6981	1
10013	333.7314	1
10014	333.7647	1
10015	333.7981	1
10016	333.8314	1
10017	333.8647	1
10018	333.8981	1
10019	333.9314	1
10020	333.9647	1
10021	333.9981	1
10022	334.0314	1
10023	334.0647	1
10024	334.0981	1
10025	334.1314	1
10026	334.1647	1
10027	334.1981	1
10028	334.2314	1
10029	334.2647	1
10030	334.2981	1
10031	334.3314	1
10032	334.3647	1
10033	334.3981	1
10034	334.4314	1
10035	334.4647	1
10036	334.4981	1
10037	334.5314	1
10038	334.5647	1
10039	334.5981	1
10040	334.6314	1
10041	334.6647	1
10042	334.6981	1
10043	334.7314	1
10044	334.7647	1
10045	334.7981	1
10046	334.8314	1
10047	334.8647	1
10048	334.8981	1
10049	334.9314	1
10050	334.9647	1
10051	334.9981	1
10052	335.0314	1
10053	335.0647	1
10054	335.0981	1
10055	335.1314	1
10056	335.1647	1
10057	335.1981	1
10058	335.2314	1
10059	335.2647	1
10060	335.2981	1
10061	335.3314	1
10062	335.3647	1
10063	335.3981	1
10064	335.4314	1
10065	335.4647	1
10066	335.4981	1
10067	335.5314	1
10068	335.5647	1
10069	335.5981	1
10070	335.6314	1
10071	335.6647	1
10072	335.6981	1
10073	335.7314	1
10074	335.7647	1
10075	335.7981	1
10076	335.8314	1
10077	335.8647	1
10078	335.8981	1
10079	335.9314	1
10080	335.9647	1
10081	335.9981	1
10082	336.0314	1
10083	336.0647	1
10084	336.0981	1
10085	336.1314	1
10086	336.1647	1
10087	336.1981	1
10088	336.2314	1
10089	336.2647	1
10090	336.2981	1
10091	336.3314	1
10092	336.3647	1
10093	336.3981	1
10094	336.4314	1
10095	336.4647	1
10096	336.4981	1
10097	336.5314	1
10098	336.5647	1
10099	336.5981	1
10100	336.6314	1
10101	336.6647	1
10102	336.6981	1
10103	336.7314	1
10104	336.7647	1
10105	336.7981	1
10106	336.8314	1
10107	336.8647	1
10108	336.8981	1
10109	336.9314	1
10110	336.9647	1
10111	336.9980	1
10112	337.0314	1
10113	337.0647	1
10114	337.0980	1
10115	337.1314	1
10116	337.1647	1
10117	337.1980	1
10118	337.2314	1
10119	337.2647	1
10120	337.2980	1
10121	337.3314	1
10122	337.3647	1
10123	337.3980	1
10124	337.4314	1
10125	337.4647	1
10126	337.4980	1
10127	337.5314	1
10128	337.5647	1
10129	337.5980	1
10130	337.6314	1
10131	337.6647	1
10132	337.6980	1
10133	337.7314	1
10134	337.7647	1
10135	337.7980	1
10136	337.8314	1
10137	337.8647	1
10138	337.8980	1
10139	337.9314	1
10140	337.9647	1
10141	337.9980	1
10142	338.0314	1
10143	338.0647	1
10144	338.0980	1
10145	338.1314	1
10146	338.1647	1
10147	338.1980	1
10148	338.2314	1
10149	338.2647	1
10150	338.2980	1
10151	338.3314	1
10152	338.3647	1
10153	338.3980	1
10154	338.4314	1
10155	338.4647	1
10156	338.4980	1
10157	338.5314	1
10158	338.5647	1
10159	338.5980	1
10160	338.6314	1
10161	338.6647	1
10162	338.6980	1
10163	338.7314	1
10164	338.7647	1
10165	338.7980	1
10166	338.8314	1
10167	338.8647	1
10168	338.8980	1
10169	338.9314	1
10170	338.9647	1
10171	338.9980	1
10172	339.0314	1
10173	339.0647	1
10174	339.0980	1
10175	339.1314	1
10176	339.1647	1
10177	339.1980	1
10178	339.2314	1
10179	339.2647	1
10180	339.2980	1
10181	339.3314	1
10182	339.3647	1
10183	339.3980	1
10184	339.4314	1
10185	339.4647	1
10186	339.4980	1
10187	339.5314	1
10188	339.5647	1
10189	339.5980	1
10190	339.6314	1
10191	339.6647	1
10192	339.6980	1
10193	339.7314	1
10194	339.7647	1
10195	339.7980	1
10196	339.8314	1
10197	339.8647	1
10198	339.8980	1
10199	339.9314	1
10200	339.9647	1
10201	339.9980	1
10202	340.0314	1
10203	340.0647	1
10204	340.0980	1
10205	340.1314	1
10206	340.1647	1
10207	340.1980	1
10208	340.2314	1
10209	340.2647	1
10210	340.2980	1
10211	340.3314	1
10212	340.3647	1
10213	340.3980	1
10214	340.4314	1
10215	340.4647	1
10216	340.4980	1
10217	340.5314	1
10218	340.5647	1
10219	340.5980	1
10220	340.6314	1
10221	340.6647	1
10222	340.6980	0
10223	340.7314	0
10224	340.7647	0
10225	340.7980	0
10226	340.8314	0
10227	340.8647	0
10228	340.8980	0
10229	340.9314	0
10230	340.9647	0
10231	340.9980	0
10232	341.0314	0
10233	341.0647	0
10234	341.0980	0
10235	341.1314	0
10236	341.1647	0
10237	341.1980	0
10238	341.2314	0
10239	341.2647	0
10240	341.2980	0
10241	341.3314	0
10242	341.3647	0
10243	341.3980	0
10244	341.4314	0
10245	341.4647	0
10246	341.4980	0
10247	341.5314	0
10248	341.5647	0
10249	341.5980	0
10250	341.6314	1
10251	341.6647	1
10252	341.6980	1
10253	341.7314	1
10254	341.7647	1
10255	341.7980	1
10256	341.8314	1
10257	341.8647	1
10258	341.8980	0
10259	341.9314	0
10260	341.9647	0
10261	341.9980	0
10262	342.0314	0
10263	342.0647	0
10264	342.0980	0
10265	342.1314	0
10266	342.1647	0
10267	342.1980	0
10268	342.2314	0
10269	342.2647	0
10270	342.2980	0
10271	342.3314	0
10272	342.3647	0
10273	342.3980	0
10274	342.4314	0
10275	342.4647	0
10276	342.4980	0
10277	342.5314	0
10278	342.5647	0
10279	342.5980	1
10280	342.6314	1
10281	342.6647	1
10282	342.6980	1
10283	342.7313	1
10284	342.7647	1
10285	342.7980	1
10286	342.8313	1
10287	342.8647	1
10288	342.8980	1
10289	342.9313	1
10290	342.9647	1
10291	342.9980	1
10292	343.0313	1
10293	343.0647	1
10294	343.0980	1
10295	343.1313	1
10296	343.1647	1
10297	343.1980	1
10298	343.2313	1
10299	343.2647	1
10300	343.2980	1
10301	343.3313	1
10302	343.3647	1
10303	343.3980	1
10304	343.4313	1
10305	343.4647	1
10306	343.4980	1
10307	343.5313	1
10308	343.5647	1
10309	343.5980	1
10310	343.6313	1
10311	343.6647	1
10312	343.6980	1
10313	343.7313	1
10314	343.7647	1
10315	343.7980	
[ENDCODE]
